-12.00000 2.655106255540135e-38
-11.98579 1.583537533223804e-37
-11.97157 9.413104319470534e-37
-11.95736 5.576166536656673e-36
-11.94314 3.291517904653994e-35
-11.92893 1.935959787168057e-34
-11.91471 1.134597787127886e-33
-11.90050 6.626132233578916e-33
-11.88629 3.856486327665570e-32
-11.87207 2.237070523299270e-31
-11.85786 1.293456708092847e-30
-11.84364 7.454254970138464e-30
-11.82943 4.281381764074225e-29
-11.81522 2.450074131756720e-28
-11.80100 1.396425066615312e-27
-11.78679 7.922733420441217e-27
-11.77257 4.471918456426772e-26
-11.75836 2.509616050157970e-25
-11.74414 1.399470541482067e-24
-11.72993 7.750796667825382e-24
-11.71572 4.261685265034702e-23
-11.70150 2.325595638698339e-22
-11.68729 1.259194391680659e-21
-11.67307 6.763073547076615e-21
-11.65886 3.602069641577099e-20
-11.64464 1.901718578221474e-19
-11.63043 9.947820520114854e-19
-11.61622 5.153418155496191e-18
-11.60200 2.642899652034129e-17
-11.58779 1.341488219112702e-16
-11.57357 6.739213220896187e-16
-11.55936 3.351373499218057e-15
-11.54515 1.650136864376670e-14
-11.53093 8.044348932050844e-14
-11.51672 3.880427629244055e-13
-11.50250 1.849713319877335e-12
-11.48829 8.697114629376271e-12
-11.47407 4.027879105000699e-11
-11.45986 1.837705653848361e-10
-11.44565 8.277893987841197e-10
-11.43143 3.691017512171599e-09
-11.41722 1.628255604945961e-08
-11.40300 7.065849071533308e-08
-11.38879 2.996719220450966e-07
-11.37457 1.238361435929182e-06
-11.36036 4.889529415238646e-06
-11.34615 1.722783892602462e-05
-11.33193 4.936799894618714e-05
-11.31772 1.091741259230664e-04
-11.30350 1.902745865679270e-04
-11.28929 2.830370311722652e-04
-11.27508 3.887277570640404e-04
-11.26086 5.074743857457934e-04
-11.24665 6.309721334932553e-04
-11.23243 7.537327163146414e-04
-11.21822 8.782933253422212e-04
-11.20400 1.009149816288757e-03
-11.18979 1.146872732483386e-03
-11.17558 1.288114361597018e-03
-11.16136 1.429256154692022e-03
-11.14715 1.569358004999175e-03
-11.13293 1.710232709241940e-03
-11.11872 1.854439218049284e-03
-11.10450 2.003260415273813e-03
-11.09029 2.156022635515311e-03
-11.07608 2.310759595516250e-03
-11.06186 2.465427830538414e-03
-11.04765 2.618874300287393e-03
-11.03343 2.771160758009286e-03
-11.01922 2.923267706218606e-03
-11.00501 3.076451837041311e-03
-10.99079 3.231596728068765e-03
-10.97658 3.388822409231758e-03
-10.96236 3.547466726610484e-03
-10.94815 3.706387457722763e-03
-10.93393 3.864419641681703e-03
-10.91972 4.020791688391166e-03
-10.90551 4.175352434072615e-03
-10.89129 4.328554879647836e-03
-10.87708 4.481236797624855e-03
-10.86286 4.634300124935102e-03
-10.84865 4.788406693763087e-03
-10.83443 4.943782945310052e-03
-10.82022 5.100177751695194e-03
-10.80601 5.256965039866546e-03
-10.79179 5.413342548498977e-03
-10.77758 5.568558610016145e-03
-10.76336 5.722101498402714e-03
-10.74915 5.873805619125306e-03
-10.73493 6.023857194985610e-03
-10.72072 6.172710197363390e-03
-10.70651 6.320944084784630e-03
-10.69229 6.469104695982709e-03
-10.67808 6.617568092201482e-03
-10.66386 6.766456653061116e-03
-10.64965 6.915621225331558e-03
-10.63544 7.064686831804883e-03
-10.62122 7.213145940692299e-03
-10.60701 7.360474921020599e-03
-10.59279 7.506246994231637e-03
-10.57858 7.650218351287047e-03
-10.56436 7.792371742137460e-03
-10.55015 7.932911762295127e-03
-10.53594 8.072216097507799e-03
-10.52172 8.210755220731112e-03
-10.50751 8.348998100172393e-03
-10.49329 8.487322747832387e-03
-10.47908 8.625948062196945e-03
-10.46486 8.764898204056924e-03
-10.45065 8.904003934831669e-03
-10.43644 9.042938342485140e-03
-10.42222 9.181278461715559e-03
-10.40801 9.318580404604091e-03
-10.39379 9.454454231209577e-03
-10.37958 9.588625890888392e-03
-10.36537 9.720976712529382e-03
-10.35115 9.851555378132129e-03
-10.33694 9.980562208736129e-03
-10.32272 1.010831008199929e-02
-10.30851 1.023516970527157e-02
-10.29429 1.036150885499340e-02
-10.28008 1.048763541718640e-02
-10.26587 1.061375275270305e-02
-10.25165 1.073993341330797e-02
-10.23744 1.086611404038573e-02
-10.22322 1.099211092825162e-02
-10.20901 1.111765273533030e-02
-10.19479 1.124242458134871e-02
-10.18058 1.136611652982023e-02
-10.16637 1.148846930683849e-02
-10.15215 1.160931097314098e-02
-10.13794 1.172857993809740e-02
-10.12372 1.184633188425464e-02
-10.10951 1.196273052228008e-02
-10.09530 1.207802429048792e-02
-10.08108 1.219251287298218e-02
-10.06687 1.230650853897973e-02
-10.05265 1.242029770399597e-02
-10.03844 1.253410778312107e-02
-10.02422 1.264808344107891e-02
-10.01001 1.276227490894768e-02
-9.99580 1.287663934530380e-02
-9.98158 1.299105449887673e-02
-9.96737 1.310534239713747e-02
-9.95315 1.321929961967397e-02
-9.93894 1.333273003938374e-02
-9.92472 1.344547578374785e-02
-9.91051 1.355744256857124e-02
-9.89630 1.366861641019050e-02
-9.88208 1.377906990197287e-02
-9.86787 1.388895758809005e-02
-9.85365 1.399850131238784e-02
-9.83944 1.410796760286968e-02
-9.82523 1.421764004095870e-02
-9.81101 1.432779006889150e-02
-9.79680 1.443864976730685e-02
-9.78258 1.455038979840761e-02
-9.76837 1.466310501504009e-02
-9.75415 1.477680927757050e-02
-9.73994 1.489143991872257e-02
-9.72573 1.500687118247506e-02
-9.71151 1.512293496347409e-02
-9.69730 1.523944639710052e-02
-9.68308 1.535623137690154e-02
-9.66887 1.547315294746351e-02
-9.65465 1.559013373701191e-02
-9.64044 1.570717211404301e-02
-9.62623 1.582435050076944e-02
-9.61201 1.594183515655118e-02
-9.59780 1.605986765728035e-02
-9.58358 1.617874915862491e-02
-9.56937 1.629881928757390e-02
-9.55516 1.642043212834207e-02
-9.54094 1.654393222474705e-02
-9.52673 1.666963373716756e-02
-9.51251 1.679780571722909e-02
-9.49830 1.692866569755523e-02
-9.48408 1.706238233183837e-02
-9.46987 1.719908592513250e-02
-9.45566 1.733888429277284e-02
-9.44144 1.748188207083345e-02
-9.42723 1.762820583306799e-02
-9.41301 1.777804452708607e-02
-9.39880 1.793171956908979e-02
-9.38458 1.808979078214214e-02
-9.37037 1.825317241746492e-02
-9.35616 1.842318197111938e-02
-9.34194 1.860141841433391e-02
-9.32773 1.878947886295658e-02
-9.31351 1.898892386586541e-02
-9.29930 1.920248738819540e-02
-9.28509 1.943725569074245e-02
-9.27087 1.970755420644850e-02
-9.25666 2.003069141952665e-02
-9.24244 2.041117058177851e-02
-9.22823 2.082485236293986e-02
-9.21401 2.122507269145084e-02
-9.19980 2.156939900124399e-02
-9.18559 2.183325925750117e-02
-9.17137 2.199681779665539e-02
-9.15716 2.204074377590865e-02
-9.14294 2.197168412733676e-02
-9.12873 2.183799759901891e-02
-9.11451 2.170231016776726e-02
-9.10030 2.160095198277098e-02
-9.08609 2.153384419226984e-02
-9.07187 2.148334538205923e-02
-9.05766 2.143404347111486e-02
-9.04344 2.137931883210156e-02
-9.02923 2.131879784104082e-02
-9.01502 2.125406905407521e-02
-9.00080 2.118599377062290e-02
-8.98659 2.111400551025286e-02
-8.97237 2.103679333248884e-02
-8.95816 2.095348388830542e-02
-8.94394 2.086449787890041e-02
-8.92973 2.077163157793133e-02
-8.91552 2.067741370651372e-02
-8.90130 2.058414929596383e-02
-8.88709 2.049314112564886e-02
-8.87287 2.040440652302701e-02
-8.85866 2.031692677709600e-02
-8.84444 2.022923380973312e-02
-8.83023 2.014004397221218e-02
-8.81602 2.004869439511830e-02
-8.80180 1.995526545400061e-02
-8.78759 1.986041100127196e-02
-8.77337 1.976501343361132e-02
-8.75916 1.966981333768733e-02
-8.74494 1.957514055975584e-02
-8.73073 1.948081694734117e-02
-8.71652 1.938623564587749e-02
-8.70230 1.929056814356677e-02
-8.68809 1.919302056004193e-02
-8.67387 1.909305832958050e-02
-8.65966 1.899053900451045e-02
-8.64545 1.888572677412888e-02
-8.63123 1.877919803639756e-02
-8.61702 1.867167507149075e-02
-8.60280 1.856383854129825e-02
-8.58859 1.845616796883624e-02
-8.57437 1.834884554385102e-02
-8.56016 1.824173816199497e-02
-8.54595 1.813445176234508e-02
-8.53173 1.802643592251969e-02
-8.51752 1.791710831268082e-02
-8.50330 1.780596860491298e-02
-8.48909 1.769267834834894e-02
-8.47487 1.757709442760441e-02
-8.46066 1.745925586873408e-02
-8.44645 1.733933412048527e-02
-8.43223 1.721756355481645e-02
-8.41802 1.709417094032190e-02
-8.40380 1.696932027505704e-02
-8.38959 1.684308371833660e-02
-8.37538 1.671544205092877e-02
-8.36116 1.658631086509340e-02
-8.34695 1.645558305660035e-02
-8.33273 1.632317518141693e-02
-8.31852 1.618906523594736e-02
-8.30430 1.605331216678177e-02
-8.29009 1.591605213275908e-02
-8.27588 1.577747212025898e-02
-8.26166 1.563776675457454e-02
-8.24745 1.549708800097487e-02
-8.23323 1.535549918059903e-02
-8.21902 1.521294404828698e-02
-8.20480 1.506923876498899e-02
-8.19059 1.492409002804901e-02
-8.17638 1.477713726910707e-02
-8.16216 1.462801169257584e-02
-8.14795 1.447640096821871e-02
-8.13373 1.432210637340027e-02
-8.11952 1.416507955165741e-02
-8.10531 1.400542887596148e-02
-8.09109 1.384339034080552e-02
-8.07688 1.367926426522015e-02
-8.06266 1.351332591027955e-02
-8.04845 1.334572429176690e-02
-8.03423 1.317638787355987e-02
-8.02002 1.300495743945389e-02
-8.00581 1.283076447274646e-02
-7.99159 1.265286740887108e-02
-7.97738 1.247014830458167e-02
-7.96316 1.228145970769724e-02
-7.94895 1.208579774705410e-02
-7.93473 1.188246573642692e-02
-7.92052 1.167118681187052e-02
-7.90631 1.145212831782808e-02
-7.89209 1.122581764611325e-02
-7.87788 1.099295906687859e-02
-7.86366 1.075419967134928e-02
-7.84945 1.050993076650215e-02
-7.83524 1.026023451930944e-02
-7.82102 1.000507522235951e-02
-7.80681 9.744770049202904e-03
-7.79259 9.480645763225862e-03
-7.77838 9.215618172539122e-03
-7.76416 8.954298167951340e-03
-7.74995 8.702259918871958e-03
-7.73574 8.464417717718643e-03
-7.72152 8.243041125649017e-03
-7.70731 8.036584880866884e-03
-7.69309 7.840804675683162e-03
-7.67888 7.652964777113675e-03
-7.66466 7.477664079674342e-03
-7.65045 7.329167524612768e-03
-7.63624 7.223277289179666e-03
-7.62202 7.158000127966390e-03
-7.60781 7.101924212484075e-03
-7.59359 7.035148915164178e-03
-7.57938 7.026294965547747e-03
-7.56517 7.081611546142962e-03
-7.55095 6.833315284742130e-03
-7.53674 6.024247414687322e-03
-7.52252 5.120618993322675e-03
-7.50831 4.612737444610187e-03
-7.49409 4.481403234417797e-03
-7.47988 4.538534867621851e-03
-7.46567 4.654466553264234e-03
-7.45145 4.755934187139331e-03
-7.43724 4.820320381659025e-03
-7.42302 4.868284008852809e-03
-7.40881 4.933648888849108e-03
-7.39459 5.033315962928746e-03
-7.38038 5.160886724215779e-03
-7.36617 5.300815250134846e-03
-7.35195 5.443920243147581e-03
-7.33774 5.591954849678927e-03
-7.32352 5.752704051925755e-03
-7.30931 5.932987390063137e-03
-7.29510 6.134746344735633e-03
-7.28088 6.355161879841671e-03
-7.26667 6.589174150724297e-03
-7.25245 6.832272986200467e-03
-7.23824 7.082150288970203e-03
-7.22402 7.338860393051033e-03
-7.20981 7.603921927074756e-03
-7.19560 7.879086918480768e-03
-7.18138 8.165380220028861e-03
-7.16717 8.462696112575892e-03
-7.15295 8.769931681758091e-03
-7.13874 9.085447654181464e-03
-7.12452 9.407596370732773e-03
-7.11031 9.735109439195734e-03
-7.09610 1.006724188617426e-02
-7.08188 1.040367714213585e-02
-7.06767 1.074427526082158e-02
-7.05345 1.108878126052004e-02
-7.03924 1.143660330819535e-02
-7.02503 1.178673397364958e-02
-7.01081 1.213783824526660e-02
-6.99660 1.248848441785366e-02
-6.98238 1.283745895392970e-02
-6.96817 1.318408926335830e-02
-6.95395 1.352849954512285e-02
-6.93974 1.387174143477935e-02
-6.92553 1.421576826543021e-02
-6.91131 1.456325361470180e-02
-6.89710 1.491728595892852e-02
-6.88288 1.528099683935468e-02
-6.86867 1.565719608796703e-02
-6.85445 1.604809174229794e-02
-6.84024 1.645516331155797e-02
-6.82603 1.687923609144996e-02
-6.81181 1.732077447731796e-02
-6.79760 1.778037848315313e-02
-6.78338 1.825943476552969e-02
-6.76917 1.876084427866673e-02
-6.75495 1.928972345723470e-02
-6.74074 1.985395513133403e-02
-6.72653 2.046446024115045e-02
-6.71231 2.113511308777444e-02
-6.69810 2.188243059134471e-02
-6.68388 2.272569440755435e-02
-6.66967 2.368912630266649e-02
-6.65546 2.480877885735313e-02
-6.64124 2.614648087433964e-02
-6.62703 2.780910669623461e-02
-6.61281 2.996299682895806e-02
-6.59860 3.283056762993140e-02
-6.58438 3.672429811376462e-02
-6.57017 4.252065866632793e-02
-6.55596 5.205517786213194e-02
-6.54174 6.098061751139034e-02
-6.52753 6.609859341064646e-02
-6.51331 7.516977524319159e-02
-6.49910 8.374706100271473e-02
-6.48488 8.772953703551926e-02
-6.47067 1.112651265235506e-01
-6.45646 7.451626016621869e-02
-6.44224 6.965481732974591e-02
-6.42803 6.480947029082931e-02
-6.41381 6.021816986639777e-02
-6.39960 5.639676351842909e-02
-6.38539 5.341247404232979e-02
-6.37117 5.107878639509920e-02
-6.35696 4.916066223367443e-02
-6.34274 4.748560069972631e-02
-6.32853 4.596314831234289e-02
-6.31431 4.455952219323009e-02
-6.30010 4.326633128268057e-02
-6.28589 4.208013081801095e-02
-6.27167 4.099407231327263e-02
-6.25746 3.999715556656498e-02
-6.24324 3.907650047583154e-02
-6.22903 3.821981312029098e-02
-6.21481 3.741689638703799e-02
-6.20060 3.666008907728102e-02
-6.18639 3.594396383255861e-02
-6.17217 3.526469180882905e-02
-6.15796 3.461938651232621e-02
-6.14374 3.400559831850657e-02
-6.12953 3.342101122058726e-02
-6.11532 3.286331770412966e-02
-6.10110 3.233021477039994e-02
-6.08689 3.181946153039871e-02
-6.07267 3.132895220977781e-02
-6.05846 3.085677658246456e-02
-6.04424 3.040125595181894e-02
-6.03003 2.996095391801397e-02
-6.01582 2.953466707884914e-02
-6.00160 2.912140266508514e-02
-5.98739 2.872034947934575e-02
-5.97317 2.833084678653315e-02
-5.95896 2.795235396634824e-02
-5.94474 2.758442230567580e-02
-5.93053 2.722666944098634e-02
-5.91632 2.687875659163397e-02
-5.90210 2.654036868312997e-02
-5.88789 2.621119756123720e-02
-5.87367 2.589092859897072e-02
-5.85946 2.557923101515682e-02
-5.84525 2.527575212833408e-02
-5.83103 2.498011557928030e-02
-5.81682 2.469192330908816e-02
-5.80260 2.441076082444889e-02
-5.78839 2.413620505963262e-02
-5.77417 2.386783398574453e-02
-5.75996 2.360523703824578e-02
-5.74575 2.334802543636641e-02
-5.73153 2.309584154546063e-02
-5.71732 2.284836657120535e-02
-5.70310 2.260532605483732e-02
-5.68889 2.236649284243278e-02
-5.67467 2.213168741062177e-02
-5.66046 2.190077563039809e-02
-5.64625 2.167366422704728e-02
-5.63203 2.145029433808177e-02
-5.61782 2.123063367608234e-02
-5.60360 2.101466786623540e-02
-5.58939 2.080239154874568e-02
-5.57518 2.059379981639025e-02
-5.56096 2.038888050168957e-02
-5.54675 2.018760774273395e-02
-5.53253 1.998993714917424e-02
-5.51832 1.979580276862521e-02
-5.50410 1.960511592735673e-02
-5.48989 1.941776589600787e-02
-5.47568 1.923362221872558e-02
-5.46146 1.905253844899113e-02
-5.44725 1.887435696232451e-02
-5.43303 1.869891446820791e-02
-5.41882 1.852604782229867e-02
-5.40460 1.835559974490923e-02
-5.39039 1.818742408080547e-02
-5.37618 1.802139028524126e-02
-5.36196 1.785738688737972e-02
-5.34775 1.769532375972143e-02
-5.33353 1.753513310541247e-02
-5.31932 1.737676915891068e-02
-5.30511 1.722020667437827e-02
-5.29089 1.706543834590817e-02
-5.27668 1.691247136070266e-02
-5.26246 1.676132332802767e-02
-5.24825 1.661201785166981e-02
-5.23403 1.646458002131379e-02
-5.21982 1.631903208935660e-02
-5.20561 1.617538957571885e-02
-5.19139 1.603365800650472e-02
-5.17718 1.589383044577765e-02
-5.16296 1.575588592651092e-02
-5.14875 1.561978883035314e-02
-5.13453 1.548548920959514e-02
-5.12032 1.535292399178659e-02
-5.10611 1.522201896059650e-02
-5.09189 1.509269136800031e-02
-5.07768 1.496485300436804e-02
-5.06346 1.483841353553233e-02
-5.04925 1.471328390978321e-02
-5.03504 1.458937964267777e-02
-5.02082 1.446662380269948e-02
-5.00661 1.434494954478658e-02
-4.99239 1.422430206981191e-02
-4.97818 1.410463992420187e-02
-4.96396 1.398593559284543e-02
-4.94975 1.386817537805118e-02
-4.93554 1.375135859544124e-02
-4.92132 1.363549615240064e-02
-4.90711 1.352060860438776e-02
-4.89289 1.340672380777017e-02
-4.87868 1.329387430398788e-02
-4.86446 1.318209457829522e-02
-4.85025 1.307141833704152e-02
-4.83604 1.296187594076661e-02
-4.82182 1.285349211701491e-02
-4.80761 1.274628405771405e-02
-4.79339 1.264025998246008e-02
-4.77918 1.253541822249377e-02
-4.76496 1.243174685201650e-02
-4.75075 1.232922386525332e-02
-4.73654 1.222781787072847e-02
-4.72232 1.212748924984036e-02
-4.70811 1.202819170608476e-02
-4.69389 1.192987411501637e-02
-4.67968 1.183248257384371e-02
-4.66547 1.173596254372405e-02
-4.65125 1.164026097739768e-02
-4.63704 1.154532832954577e-02
-4.62282 1.145112035670878e-02
-4.60861 1.135759962710076e-02
-4.59439 1.126473667737615e-02
-4.58018 1.117251077242041e-02
-4.56597 1.108091024455246e-02
-4.55175 1.098993240914820e-02
-4.53754 1.089958307366155e-02
-4.52332 1.080987567546327e-02
-4.50911 1.072083010009538e-02
-4.49489 1.063247124487596e-02
-4.48068 1.054482740291029e-02
-4.46647 1.045792854932957e-02
-4.45225 1.037180461511928e-02
-4.43804 1.028648383466727e-02
-4.42382 1.020199125200714e-02
-4.40961 1.011834746901589e-02
-4.39540 1.003556771862124e-02
-4.38118 9.953661350484259e-03
-4.36697 9.872631830311215e-03
-4.35275 9.792477384021439e-03
-4.33854 9.713192475490252e-03
-4.32432 9.634770408990145e-03
-4.31011 9.557207523007316e-03
-4.29590 9.480509736971307e-03
-4.28168 9.404702702288523e-03
-4.26747 9.329847617381568e-03
-4.25325 9.256066093908886e-03
-4.23904 9.183579642171690e-03
-4.22482 9.112772985305256e-03
-4.21061 9.044296789411344e-03
-4.19640 8.979237494805191e-03
-4.18218 8.919406680694538e-03
-4.16797 8.867853898057809e-03
-4.15375 8.829807111529482e-03
-4.13954 8.814411818604954e-03
-4.12533 8.837854192548051e-03
-4.11111 8.928627844883753e-03
-4.09690 9.135733401483289e-03
-4.08268 9.540427195520153e-03
-4.06847 1.027119967921053e-02
-4.05425 1.152055139124485e-02
-4.04004 1.364228336587678e-02
-4.02583 1.772250007071502e-02
-4.01161 2.416906396975401e-02
-3.99740 2.881786021093781e-02
-3.98318 3.209332087542191e-02
-3.96897 3.651510460842575e-02
-3.95475 4.057396685001517e-02
-3.94054 4.361794950438100e-02
-3.92633 4.609710242598661e-02
-3.91211 4.859929910040982e-02
-3.89790 5.139068821069916e-02
-3.88368 5.441791304661363e-02
-3.86947 5.754654709498669e-02
-3.85526 6.072248789201857e-02
-3.84104 6.398456659919451e-02
-3.82683 6.742979112327960e-02
-3.81261 7.119902424144021e-02
-3.79840 7.542881608391692e-02
-3.78418 8.006474787787045e-02
-3.76997 8.460113571253315e-02
-3.75576 8.809198386058188e-02
-3.74154 8.968356563428992e-02
-3.72733 8.929495400032179e-02
-3.71311 8.771458190616853e-02
-3.69890 8.597270518007651e-02
-3.68468 8.465954173008733e-02
-3.67047 8.378706068983750e-02
-3.65626 8.309354185229784e-02
-3.64204 8.235487523725327e-02
-3.62783 8.148892004883734e-02
-3.61361 8.051657135628272e-02
-3.59940 7.949684200095243e-02
-3.58519 7.848678309702846e-02
-3.57097 7.752646358354356e-02
-3.55676 7.663758017782232e-02
-3.54254 7.582766770591173e-02
-3.52833 7.509569632748546e-02
-3.51411 7.443687823197609e-02
-3.49990 7.384573967842673e-02
-3.48569 7.331742767088084e-02
-3.47147 7.284778571758908e-02
-3.45726 7.243289742234763e-02
-3.44304 7.206865337873282e-02
-3.42883 7.175062387898806e-02
-3.41461 7.147427120585652e-02
-3.40040 7.123538485390742e-02
-3.38619 7.103057291969740e-02
-3.37197 7.085765988762042e-02
-3.35776 7.071588914752570e-02
-3.34354 7.060588377115344e-02
-3.32933 7.052936957358179e-02
-3.31512 7.048870555655005e-02
-3.30090 7.048629627781335e-02
-3.28669 7.052397704233072e-02
-3.27247 7.060246537684349e-02
-3.25826 7.072096164705813e-02
-3.24404 7.087695998429387e-02
-3.22983 7.106630112327159e-02
-3.21562 7.128346516609958e-02
-3.20140 7.152206875964898e-02
-3.18719 7.177550178121199e-02
-3.17297 7.203761726248858e-02
-3.15876 7.230337833868392e-02
-3.14454 7.256936984650074e-02
-3.13033 7.283410044768475e-02
-3.11612 7.309805212759025e-02
-3.10190 7.336347334633243e-02
-3.08769 7.363395353627204e-02
-3.07347 7.391385240914444e-02
-3.05926 7.420768041049801e-02
-3.04505 7.451953150457823e-02
-3.03083 7.485265472739203e-02
-3.01662 7.520921937683270e-02
-3.00240 7.559028718632577e-02
-2.98819 7.599596305152849e-02
-2.97397 7.642566424369977e-02
-2.95976 7.687843505299868e-02
-2.94555 7.735324358200782e-02
-2.93133 7.784922790262436e-02
-2.91712 7.836590125203470e-02
-2.90290 7.890336613724368e-02
-2.88869 7.946260859872688e-02
-2.87447 8.004593269404685e-02
-2.86026 8.065754671363655e-02
-2.84605 8.130423595573209e-02
-2.83183 8.199597504636774e-02
-2.81762 8.274627234991561e-02
-2.80340 8.357201032739833e-02
-2.78919 8.449252712156546e-02
-2.77497 8.552763878770345e-02
-2.76076 8.669424383821374e-02
-2.74655 8.800123680623997e-02
-2.73233 8.944296865281227e-02
-2.71812 9.099261156489294e-02
-2.70390 9.259821110935408e-02
-2.68969 9.418502200873118e-02
-2.67548 9.566741433556961e-02
-2.66126 9.697850789582435e-02
-2.64705 9.818525799801676e-02
-2.63283 9.996396020280338e-02
-2.61862 1.040621809054215e-01
-2.60440 1.103358851416648e-01
-2.59019 1.137607323408005e-01
-2.57598 1.129670472990907e-01
-2.56176 1.122141070698216e-01
-2.54755 1.125727567816686e-01
-2.53333 1.128263872612356e-01
-2.51912 1.125247951369154e-01
-2.50490 1.118984094758827e-01
-2.49069 1.112937761069420e-01
-2.47648 1.108698888306985e-01
-2.46226 1.105777862348949e-01
-2.44805 1.102944710790416e-01
-2.43383 1.099335621750677e-01
-2.41962 1.094794235176924e-01
-2.40541 1.089731824327398e-01
-2.39119 1.084777274802259e-01
-2.37698 1.080400917277330e-01
-2.36276 1.076692620637568e-01
-2.34855 1.073384255681827e-01
-2.33433 1.070055432809895e-01
-2.32012 1.066375493841379e-01
-2.30591 1.062253521513075e-01
-2.29169 1.057845671099451e-01
-2.27748 1.053446769846442e-01
-2.26326 1.049336972797842e-01
-2.24905 1.045657037951146e-01
-2.23483 1.042358149400350e-01
-2.22062 1.039233163614572e-01
-2.20641 1.036003783545335e-01
-2.19219 1.032422982219017e-01
-2.17798 1.028354983630082e-01
-2.16376 1.023810289404294e-01
-2.14955 1.018932182545601e-01
-2.13534 1.013946748195605e-01
-2.12112 1.009096827174419e-01
-2.10691 1.004580860339329e-01
-2.09269 1.000512088369005e-01
-2.07848 9.969050276794635e-02
-2.06426 9.936876021638646e-02
-2.05005 9.907310707540133e-02
-2.03584 9.878870717973046e-02
-2.02162 9.850216380073205e-02
-2.00741 9.820389811624214e-02
-1.99319 9.788918720572826e-02
-1.97898 9.755792810947578e-02
-1.96476 9.721347067640614e-02
-1.95055 9.686099106975553e-02
-1.93634 9.650586667148220e-02
-1.92212 9.615240032940332e-02
-1.90791 9.580307993279666e-02
-1.89369 9.545839822675847e-02
-1.87948 9.511713384061445e-02
-1.86527 9.477692531537742e-02
-1.85105 9.443495549646064e-02
-1.83684 9.408859155074746e-02
-1.82262 9.373587773632792e-02
-1.80841 9.337583564632716e-02
-1.79419 9.300857582708784e-02
-1.77998 9.263525722876412e-02
-1.76577 9.225794460990680e-02
-1.75155 9.187941129068694e-02
-1.73734 9.150292109641724e-02
-1.72312 9.113200573320092e-02
-1.70891 9.077023850581672e-02
-1.69469 9.042099678581705e-02
-1.68048 9.008720603545826e-02
-1.66627 8.977106694634636e-02
-1.65205 8.947378162383213e-02
-1.63784 8.919531058835070e-02
-1.62362 8.893420500885724e-02
-1.60941 8.868756369108068e-02
-1.59520 8.845115860212464e-02
-1.58098 8.821975445205260e-02
-1.56677 8.798761764417470e-02
-1.55255 8.774917113520891e-02
-1.53834 8.749971093933455e-02
-1.52412 8.723606648502689e-02
-1.50991 8.695707144549383e-02
-1.49570 8.666372330761406e-02
-1.48148 8.635895335204860e-02
-1.46727 8.604700080420391e-02
-1.45305 8.573247419003743e-02
-1.43884 8.541927151551632e-02
-1.42462 8.510959836584960e-02
-1.41041 8.480334949140772e-02
-1.39620 8.449808583074242e-02
-1.38198 8.418972684815250e-02
-1.36777 8.387387758060327e-02
-1.35355 8.354744285837933e-02
-1.33934 8.320993411060013e-02
-1.32513 8.286380679970101e-02
-1.31091 8.251345664558178e-02
-1.29670 8.216322002869873e-02
-1.28248 8.181567348531849e-02
-1.26827 8.147208328128394e-02
-1.25405 8.113586546964886e-02
-1.23984 8.081637709817896e-02
-1.22563 8.052607494770010e-02
-1.21141 8.026606166103047e-02
-1.19720 8.000821137781926e-02
-1.18298 7.969183300505982e-02
-1.16877 7.923547227865502e-02
-1.15455 7.855262009800182e-02
-1.14034 7.762811087637662e-02
-1.12613 7.667317664602297e-02
-1.11191 7.590055778979321e-02
-1.09770 7.373083047568392e-02
-1.08348 7.009946993460917e-02
-1.06927 6.704911768086842e-02
-1.05506 6.444675140950760e-02
-1.04084 6.204806800558233e-02
-1.02663 5.993350709274808e-02
-1.01241 5.814320523226460e-02
-0.99820 5.656498962681256e-02
-0.98398 5.505380171555001e-02
-0.96977 5.353572431642054e-02
-0.95556 5.202540662995294e-02
-0.94134 5.057878866439986e-02
-0.92713 4.923770642006318e-02
-0.91291 4.800469977832043e-02
-0.89870 4.685145508078996e-02
-0.88448 4.574298677953977e-02
-0.87027 4.465710706814612e-02
-0.85606 4.358964238283727e-02
-0.84184 4.254820663845534e-02
-0.82763 4.154241393889048e-02
-0.81341 4.057673440593309e-02
-0.79920 3.964828164420586e-02
-0.78498 3.874873235904350e-02
-0.77077 3.786820194373301e-02
-0.75656 3.699890912203574e-02
-0.74234 3.613722088972376e-02
-0.72813 3.528374253399517e-02
-0.71391 3.444210965013594e-02
-0.69970 3.361749965275292e-02
-0.68549 3.281542527425692e-02
-0.67127 3.204072175465914e-02
-0.65706 3.129654971106918e-02
-0.64284 3.058361181523625e-02
-0.62863 2.989988945438901e-02
-0.61441 2.924083373896723e-02
-0.60020 2.859973675955647e-02
-0.58599 2.796840584050802e-02
-0.57177 2.733865827681543e-02
-0.55756 2.670466049486423e-02
-0.54334 2.606501320556552e-02
-0.52913 2.542310080679072e-02
-0.51491 2.478533797992735e-02
-0.50070 2.415853834110205e-02
-0.48649 2.354798892056429e-02
-0.47227 2.295663961977370e-02
-0.45806 2.238464276580789e-02
-0.44384 2.182878488605647e-02
-0.42963 2.128263421161468e-02
-0.41542 2.073849763168878e-02
-0.40120 2.019066348494090e-02
-0.38699 1.963762671263968e-02
-0.37277 1.908149051853574e-02
-0.35856 1.852543193291068e-02
-0.34434 1.797208288127172e-02
-0.33013 1.742446754826990e-02
-0.31592 1.688777974455720e-02
-0.30170 1.636850305424799e-02
-0.28749 1.586971194007895e-02
-0.27327 1.538579973488360e-02
-0.25906 1.490112460336238e-02
-0.24484 1.439342676577383e-02
-0.23063 1.383969447699513e-02
-0.21642 1.322436837424033e-02
-0.20220 1.255281472902665e-02
-0.18799 1.186730368354521e-02
-0.17377 1.124745002141426e-02
-0.15956 1.077047976567633e-02
-0.14535 1.043934317482539e-02
-0.13113 1.014648243194170e-02
-0.11692 9.733822734554682e-03
-0.10270 9.100672904305003e-03
-0.08849 8.253985294193677e-03
-0.07427 7.306449699966950e-03
-0.06006 6.604132870584052e-03
-0.04585 6.763306287634219e-03
-0.03163 7.259419190321176e-03
-0.01742 6.130079549393330e-03
-0.00320 3.857441742027668e-03
0.01101 2.334256591451928e-03
0.02523 1.625110556646769e-03
0.03944 1.209199945788557e-03
0.05365 9.037830556591278e-04
0.06787 6.725156056048112e-04
0.08208 4.991018262394692e-04
0.09630 3.701321203689996e-04
0.11051 2.746405501589387e-04
0.12472 2.040974178530693e-04
0.13894 1.520511398619228e-04
0.15315 1.136728115554164e-04
0.16737 8.536009533548772e-05
0.18158 6.443649478335108e-05
0.19580 4.892703950089246e-05
0.21001 3.738576283311757e-05
0.22422 2.876045339382048e-05
0.23844 2.228777812005239e-05
0.25265 1.741424029934407e-05
0.26687 1.373837399728998e-05
0.28108 1.096943504430317e-05
0.29530 8.898321887624182e-06
0.30951 7.377343604275579e-06
0.32372 6.306396104204605e-06
0.33794 5.623907063454188e-06
0.35215 5.301517900349029e-06
0.36637 5.341924677184464e-06
0.38058 5.779663936014992e-06
0.39479 6.684968322418607e-06
0.40901 8.171183783630552e-06
0.42322 1.040666908283196e-05
0.43744 1.363258426233516e-05
0.45165 1.818843568921041e-05
0.46587 2.454746923559880e-05
0.48008 3.336359854147611e-05
0.49429 4.552996169535567e-05
0.50851 6.224589139612664e-05
0.52272 8.508441834311929e-05
0.53694 1.160506732818842e-04
0.55115 1.576386655895403e-04
0.56537 2.129636291153888e-04
0.57958 2.861955410962973e-04
0.59379 3.837835281528086e-04
0.60801 5.176162462860068e-04
0.62222 7.103574096321197e-04
0.63644 9.894561051498746e-04
0.65065 1.818503783277653e-03
0.66486 1.801329632123263e-03
0.67908 1.879918521244183e-03
0.69329 2.006529727644810e-03
0.70751 2.160202541899027e-03
0.72172 2.390199419951891e-03
0.73594 2.676865011748316e-03
0.75015 2.991908384351507e-03
0.76436 3.324260384647805e-03
0.77858 3.673155751971827e-03
0.79279 4.031382693917164e-03
0.80701 4.379268111439107e-03
0.82122 4.700396436881433e-03
0.83544 4.995415952600845e-03
0.84965 5.270292488189428e-03
0.86386 5.523036898069733e-03
0.87808 5.754270830071421e-03
0.89229 5.978126398727480e-03
0.90651 6.210902666230710e-03
0.92072 6.456141775600259e-03
0.93493 6.706039755319241e-03
0.94915 6.951828324736779e-03
0.96336 7.189651218116423e-03
0.97758 7.419980851317238e-03
0.99179 7.644977034848179e-03
1.00601 7.866867281628165e-03
1.02022 8.087823989484690e-03
1.03443 8.310490295552605e-03
1.04865 8.538204097666806e-03
1.06286 8.774761951192186e-03
1.07708 9.027853709181544e-03
1.09129 9.342354454473092e-03
1.10551 9.862353118625464e-03
1.11972 1.039155189255678e-02
1.13393 1.041609581327758e-02
1.14815 1.062633691331602e-02
1.16236 1.092361971031544e-02
1.17658 1.120595168831211e-02
1.19079 1.147878374003903e-02
1.20501 1.177124482949927e-02
1.21922 1.208193268436319e-02
1.23343 1.238712009173704e-02
1.24765 1.267507352594109e-02
1.26186 1.295676101176707e-02
1.27608 1.324752002057096e-02
1.29029 1.355188613291379e-02
1.30450 1.386534086015456e-02
1.31872 1.418147597589757e-02
1.33293 1.449597678667067e-02
1.34715 1.480770843068695e-02
1.36136 1.511832685034502e-02
1.37558 1.543095423713439e-02
1.38979 1.574855380473916e-02
1.40400 1.607273356931290e-02
1.41822 1.640339971347337e-02
1.43243 1.673923469966295e-02
1.44665 1.707863989403020e-02
1.46086 1.742066525472490e-02
1.47508 1.776554646290062e-02
1.48929 1.811469819346779e-02
1.50350 1.847025422500213e-02
1.51772 1.883440373027862e-02
1.53193 1.920880370107671e-02
1.54615 1.959426411324725e-02
1.56036 1.999076109127926e-02
1.57457 2.039770104791350e-02
1.58879 2.081428389370796e-02
1.60300 2.123981052703852e-02
1.61722 2.167383339892480e-02
1.63143 2.211612828879230e-02
1.64565 2.256653986966130e-02
1.65986 2.302480154210545e-02
1.67407 2.349044130989398e-02
1.68829 2.396286078200121e-02
1.70250 2.444162293169256e-02
1.71672 2.492692094870506e-02
1.73093 2.542014212319586e-02
1.74515 2.592440119552122e-02
1.75936 2.644490423533501e-02
1.77357 2.698901551592903e-02
1.78779 2.756592789374398e-02
1.80200 2.818587318353227e-02
1.81622 2.885885258829466e-02
1.83043 2.959293259602401e-02
1.84464 3.039226263433411e-02
1.85886 3.125513711045058e-02
1.87307 3.217260079422427e-02
1.88729 3.312814396947382e-02
1.90150 3.409876026909191e-02
1.91572 3.505702651746586e-02
1.92993 3.597340379928562e-02
1.94414 3.681861090593411e-02
1.95836 3.756809122821117e-02
1.97257 3.821233427664566e-02
1.98679 3.877336307728409e-02
2.00100 3.931606227705527e-02
2.01522 3.992094062743041e-02
2.02943 4.057136169781204e-02
2.04364 4.105919152242542e-02
2.05786 4.119995320110935e-02
2.07207 4.112334956093542e-02
2.08629 4.106871704490070e-02
2.10050 4.106723246664772e-02
2.11471 4.101863823966300e-02
2.12893 4.087708824759763e-02
2.14314 4.068174403149832e-02
2.15736 4.049701150311717e-02
2.17157 4.037257894597371e-02
2.18579 4.036547505589355e-02
2.20000 4.058087488305744e-02
