-12.00000 3.600603727358792e-38
-11.98579 2.144634943323401e-37
-11.97157 1.270854250891120e-36
-11.95736 7.490849143807794e-36
-11.94314 4.391690450956213e-35
-11.92893 2.561040400797284e-34
-11.91471 1.485758331286544e-33
-11.90050 8.576839040914624e-33
-11.88629 4.928092771151632e-32
-11.87207 2.819263636471295e-31
-11.85786 1.606263945407339e-30
-11.84364 9.116042083252116e-30
-11.82943 5.153861140718231e-29
-11.81522 2.902394218381842e-28
-11.80100 1.627664421033204e-27
-11.78679 9.086134284617923e-27
-11.77257 5.046268606363693e-26
-11.75836 2.786658862292382e-25
-11.74414 1.529206833312617e-24
-11.72993 8.334722739052343e-24
-11.71572 4.510007924531045e-23
-11.70150 2.422124747981519e-22
-11.68729 1.290832829194131e-21
-11.67307 6.825827579357618e-21
-11.65886 3.581207330573123e-20
-11.64464 1.864131472109515e-19
-11.63043 9.626913873675127e-19
-11.61622 4.932564176699708e-18
-11.60200 2.507796485054460e-17
-11.58779 1.265542672773667e-16
-11.57357 6.342100708051647e-16
-11.55936 3.157903868017676e-15
-11.54515 1.562874236607790e-14
-11.53093 7.685603734747854e-14
-11.51672 3.750049345813211e-13
-11.50250 1.810405128101217e-12
-11.48829 8.614222826120493e-12
-11.47407 4.024448746597836e-11
-11.45986 1.842120010361984e-10
-11.44565 8.267646683088452e-10
-11.43143 3.649706882578898e-09
-11.41722 1.588327865478062e-08
-11.40300 6.800681128832653e-08
-11.38879 2.853753848687024e-07
-11.37457 1.172862995475231e-06
-11.36036 4.643121493894976e-06
-11.34615 1.652575721840671e-05
-11.33193 4.798753952514386e-05
-11.31772 1.075243376080915e-04
-11.30350 1.895230485714578e-04
-11.28929 2.839803696992211e-04
-11.27508 3.908191975862093e-04
-11.26086 5.094636173210633e-04
-11.24665 6.319555689802760e-04
-11.23243 7.533709526265732e-04
-11.21822 8.765968876186246e-04
-11.20400 1.006381707250690e-03
-11.18979 1.143565024838684e-03
-11.17558 1.285004690992297e-03
-11.16136 1.427097275064684e-03
-11.14715 1.568719062242386e-03
-11.13293 1.711392046077303e-03
-11.11872 1.857371068420065e-03
-11.10450 2.007678111561959e-03
-11.09029 2.161451961377839e-03
-11.07608 2.316629442774758e-03
-11.06186 2.471166213915096e-03
-11.04765 2.623992788454392e-03
-11.03343 2.775309308829492e-03
-11.01922 2.926249782294804e-03
-11.00501 3.078203659885597e-03
-10.99079 3.232146589767256e-03
-10.97658 3.388249610532170e-03
-10.96236 3.545874328925090e-03
-10.94815 3.703893023975572e-03
-10.93393 3.861159127869150e-03
-10.91972 4.016927241354050e-03
-10.90551 4.171075574473501e-03
-10.89129 4.324080626860401e-03
-10.87708 4.476789148076745e-03
-10.86286 4.630092828042488e-03
-10.84865 4.784624504862243e-03
-10.83443 4.940567636316884e-03
-10.82022 5.097621027104075e-03
-10.80601 5.255108228741793e-03
-10.79179 5.412181349447086e-03
-10.77758 5.568050591428503e-03
-10.76336 5.722174364395538e-03
-10.74915 5.874365027319559e-03
-10.73493 6.024793705711447e-03
-10.72072 6.173905446710082e-03
-10.70651 6.322276429060303e-03
-10.69229 6.470454474927704e-03
-10.67808 6.618822480455929e-03
-10.66386 6.767513962358724e-03
-10.64965 6.916394541994653e-03
-10.63544 7.065106990440460e-03
-10.62122 7.213163957782853e-03
-10.60701 7.360064056042141e-03
-10.59279 7.505404530947126e-03
-10.57858 7.648967018231644e-03
-10.56436 7.790760486588736e-03
-10.55015 7.931015440565920e-03
-10.53594 8.070133614327710e-03
-10.52172 8.208605770470966e-03
-10.50751 8.346915414774671e-03
-10.49329 8.485447584276983e-03
-10.47908 8.624419490001409e-03
-10.46486 8.763844506064614e-03
-10.45065 8.903534057381838e-03
-10.43644 9.043134799409954e-03
-10.42222 9.182192418659064e-03
-10.40801 9.320229381846056e-03
-10.39379 9.456822518284815e-03
-10.37958 9.591667424528612e-03
-10.36537 9.724619885134424e-03
-10.35115 9.855709057207142e-03
-10.33694 9.985122179189567e-03
-10.32272 1.011316517279976e-02
-10.30851 1.024020701105987e-02
-10.29429 1.036661767952264e-02
-10.28008 1.049270980942724e-02
-10.26587 1.061869273833744e-02
-10.25165 1.074464521029317e-02
-10.23744 1.087050966397770e-02
-10.22322 1.099610762802762e-02
-10.20901 1.112117266727081e-02
-10.19479 1.124539501623578e-02
-10.18058 1.136847075737011e-02
-10.16637 1.149014823912590e-02
-10.15215 1.161026530638369e-02
-10.13794 1.172877261976650e-02
-10.12372 1.184574056673335e-02
-10.10951 1.196134967056707e-02
-10.09530 1.207586664718742e-02
-10.08108 1.218961005962845e-02
-10.06687 1.230291067449939e-02
-10.05265 1.241607203260425e-02
-10.03844 1.252933640940933e-02
-10.02422 1.264286035631356e-02
-10.01001 1.275670255058990e-02
-9.99580 1.287082495720338e-02
-9.98158 1.298510655297142e-02
-9.96737 1.309936730333653e-02
-9.95315 1.321339889636895e-02
-9.93894 1.332699805170694e-02
-9.92472 1.343999808947169e-02
-9.91051 1.355229485058411e-02
-9.89630 1.366386392608828e-02
-9.88208 1.377476734935417e-02
-9.86787 1.388514926997629e-02
-9.85365 1.399522148978315e-02
-9.83944 1.410524093788641e-02
-9.82523 1.421548205990799e-02
-9.81101 1.432620760538751e-02
-9.79680 1.443764137590727e-02
-9.78258 1.454994615537721e-02
-9.76837 1.466320934130697e-02
-9.75415 1.477743782801159e-02
-9.73994 1.489256258115954e-02
-9.72573 1.500845222011788e-02
-9.71151 1.512493391805185e-02
-9.69730 1.524181914934215e-02
-9.68308 1.535893133946410e-02
-9.66887 1.547613234583042e-02
-9.65465 1.559334491877478e-02
-9.64044 1.571056881803767e-02
-9.62623 1.582788901552777e-02
-9.61201 1.594547530228823e-02
-9.59780 1.606357353617817e-02
-9.58358 1.618248963290360e-02
-9.56937 1.630256816179414e-02
-9.55516 1.642416802947941e-02
-9.54094 1.654763818887833e-02
-9.52673 1.667329652363619e-02
-9.51251 1.680141487931507e-02
-9.49830 1.693221244378253e-02
-9.48408 1.706585821674456e-02
-9.46987 1.720248141691998e-02
-9.45566 1.734218728247892e-02
-9.44144 1.748507641601897e-02
-9.42723 1.763127006593023e-02
-9.41301 1.778095089397863e-02
-9.39880 1.793443359583896e-02
-9.38458 1.809227157343821e-02
-9.37037 1.825537389855822e-02
-9.35616 1.842505522828471e-02
-9.34194 1.860291501851363e-02
-9.32773 1.879055429759422e-02
-9.31351 1.898953938454778e-02
-9.29930 1.920261087674109e-02
-9.28509 1.943687125936233e-02
-9.27087 1.970669657868943e-02
-9.25666 2.002949224484568e-02
-9.24244 2.040983799057136e-02
-9.22823 2.082350986919350e-02
-9.21401 2.122355900235076e-02
-9.19980 2.156729805123401e-02
-9.18559 2.183026042263960e-02
-9.17137 2.199308814651111e-02
-9.15716 2.203688618943653e-02
-9.14294 2.196829992363086e-02
-9.12873 2.183532342132886e-02
-9.11451 2.170024917901285e-02
-9.10030 2.159932575629565e-02
-9.08609 2.153254275270790e-02
-9.07187 2.148230669602995e-02
-9.05766 2.143318932725963e-02
-9.04344 2.137853575071064e-02
-9.02923 2.131795718213878e-02
-9.01502 2.125305422820052e-02
-9.00080 2.118471868318585e-02
-8.98659 2.111242257202007e-02
-8.97237 2.103489334224348e-02
-8.95816 2.095129026306306e-02
-8.94394 2.086205779528165e-02
-8.92973 2.076900673683875e-02
-8.91552 2.067467293319325e-02
-8.90130 2.058136392116338e-02
-8.88709 2.049038267121712e-02
-8.87287 2.040174539942361e-02
-8.85866 2.031443079968096e-02
-8.84444 2.022696606124088e-02
-8.83023 2.013806029161580e-02
-8.81602 2.004704110350587e-02
-8.80180 1.995397775133004e-02
-8.78759 1.985951202397513e-02
-8.77337 1.976451359983268e-02
-8.75916 1.966970955934306e-02
-8.74494 1.957541518272467e-02
-8.73073 1.948143671717859e-02
-8.71652 1.938715134157036e-02
-8.70230 1.929171559373719e-02
-8.68809 1.919432351296442e-02
-8.67387 1.909443318888926e-02
-8.65966 1.899190094348186e-02
-8.64545 1.888699637548897e-02
-8.63123 1.878030747553370e-02
-8.61702 1.867257297957361e-02
-8.60280 1.856449298436567e-02
-8.58859 1.845656735376750e-02
-8.57437 1.834899760967078e-02
-8.56016 1.824166746445238e-02
-8.54595 1.813419618324503e-02
-8.53173 1.802604274211712e-02
-8.51752 1.791663030576779e-02
-8.50330 1.780546049845068e-02
-8.48909 1.769219384545604e-02
-8.47487 1.757668388363686e-02
-8.46066 1.745896461286130e-02
-8.44645 1.733920135424150e-02
-8.43223 1.721762172552315e-02
-8.41802 1.709444547721521e-02
-8.40380 1.696982958371293e-02
-8.38959 1.684383934881031e-02
-8.37538 1.671644898132393e-02
-8.36116 1.658756786969958e-02
-8.34695 1.645708315144508e-02
-8.33273 1.632490615626521e-02
-8.31852 1.619101028831397e-02
-8.30430 1.605545065041027e-02
-8.29009 1.591836042247865e-02
-8.27588 1.577992458108178e-02
-8.26166 1.564033678998955e-02
-8.24745 1.549974914773345e-02
-8.23323 1.535822621722496e-02
-8.21902 1.521571409188655e-02
-8.20480 1.507203234282789e-02
-8.19059 1.492689212195087e-02
-8.17638 1.477993833651377e-02
-8.16216 1.463080866368323e-02
-8.14795 1.447919820233871e-02
-8.13373 1.432491653193445e-02
-8.11952 1.416792431631368e-02
-8.10531 1.400833941882617e-02
-8.09109 1.384640744834784e-02
-8.07688 1.368243803996190e-02
-8.06266 1.351671502501988e-02
-8.04845 1.334939484700150e-02
-8.03423 1.318041199456475e-02
-8.02002 1.300941182213072e-02
-8.00581 1.283572911827606e-02
-7.99159 1.265842474928983e-02
-7.97738 1.247638279757708e-02
-7.96316 1.228845777260872e-02
-7.94895 1.209364765824897e-02
-7.93473 1.189125685198044e-02
-7.92052 1.168100739108816e-02
-7.90631 1.146306127716570e-02
-7.89209 1.123793400081387e-02
-7.87788 1.100630951042188e-02
-7.86366 1.076880562653875e-02
-7.84945 1.052577698678947e-02
-7.83524 1.027726543874958e-02
-7.82102 1.002319624183306e-02
-7.80681 9.763852670201264e-03
-7.79259 9.500532709648688e-03
-7.77838 9.236123278906090e-03
-7.76416 8.975198095927133e-03
-7.74995 8.723281264531467e-03
-7.73574 8.485230881016643e-03
-7.72152 8.263275849814044e-03
-7.70731 8.055877066395796e-03
-7.69309 7.858868427431489e-03
-7.67888 7.669656363470011e-03
-7.66466 7.492967783590667e-03
-7.65045 7.343017992328642e-03
-7.63624 7.235212044173995e-03
-7.62202 7.166842154313824e-03
-7.60781 7.105854893012123e-03
-7.59359 7.032111339917284e-03
-7.57938 7.013672783709503e-03
-7.56517 7.057356052883689e-03
-7.55095 6.802390185564717e-03
-7.53674 5.994233791488446e-03
-7.52252 5.088429674552216e-03
-7.50831 4.573226359543225e-03
-7.49409 4.436312801280746e-03
-7.47988 4.490856230441757e-03
-7.46567 4.604524644103341e-03
-7.45145 4.701997986119012e-03
-7.43724 4.760738586937849e-03
-7.42302 4.803380705291972e-03
-7.40881 4.865878034970299e-03
-7.39459 4.965930027866321e-03
-7.38038 5.096674234711281e-03
-7.36617 5.241766838213082e-03
-7.35195 5.391463631204553e-03
-7.33774 5.547149497263922e-03
-7.32352 5.716231924346891e-03
-7.30931 5.905089515089113e-03
-7.29510 6.115235809130548e-03
-7.28088 6.343522940031541e-03
-7.26667 6.584695849307952e-03
-7.25245 6.834168030368044e-03
-7.23824 7.089634253260879e-03
-7.22402 7.351188145231198e-03
-7.20981 7.620391402048098e-03
-7.19560 7.899025671831693e-03
-7.18138 8.188129486838161e-03
-7.16717 8.487602422948637e-03
-7.15295 8.796349759710335e-03
-7.13874 9.112752723266435e-03
-7.12452 9.435200833629002e-03
-7.11031 9.762478666475685e-03
-7.09610 1.009390576563434e-02
-7.08188 1.042923666153655e-02
-7.06767 1.076840539197571e-02
-7.05345 1.111123210173609e-02
-7.03924 1.145720090551660e-02
-7.02503 1.180538106803083e-02
-7.01081 1.215451408780473e-02
-6.99660 1.250324225690543e-02
-6.98238 1.285041997565635e-02
-6.96817 1.319543249635303e-02
-6.95395 1.353844818345960e-02
-6.93974 1.388054684381535e-02
-6.92553 1.422369336894280e-02
-6.91131 1.457055733472248e-02
-6.89710 1.492420995197186e-02
-6.88288 1.528775510688069e-02
-6.86867 1.566396734151358e-02
-6.85445 1.605501387363194e-02
-6.84024 1.646232910455818e-02
-6.82603 1.688668948219977e-02
-6.81181 1.732850718338423e-02
-6.79760 1.778832752955484e-02
-6.78338 1.826748208725229e-02
-6.76917 1.876881990193457e-02
-6.75495 1.929741355234576e-02
-6.74074 1.986111545747654e-02
-6.72653 2.047083429235155e-02
-6.71231 2.114045262985271e-02
-6.69810 2.188651376977151e-02
-6.68388 2.272833235216957e-02
-6.66967 2.369014447231270e-02
-6.65546 2.480796385855304e-02
-6.64124 2.614351838222306e-02
-6.62703 2.780361478438976e-02
-6.61281 2.995482966372036e-02
-6.59860 3.282041001379760e-02
-6.58438 3.671347178348804e-02
-6.57017 4.250967688180717e-02
-6.55596 5.205815871398292e-02
-6.54174 6.100514183206135e-02
-6.52753 6.613363862622773e-02
-6.51331 7.519314520447279e-02
-6.49910 8.372276984045615e-02
-6.48488 8.771036976880497e-02
-6.47067 1.111687378373508e-01
-6.45646 7.449982928823050e-02
-6.44224 6.963689553151965e-02
-6.42803 6.479828500743773e-02
-6.41381 6.021117398494223e-02
-6.39960 5.639167783296285e-02
-6.38539 5.340836846793224e-02
-6.37117 5.107554730790876e-02
-6.35696 4.915832967409980e-02
-6.34274 4.748412467769155e-02
-6.32853 4.596240373815310e-02
-6.31431 4.455936330982455e-02
-6.30010 4.326662216685843e-02
-6.28589 4.208076097142811e-02
-6.27167 4.099496494544032e-02
-6.25746 3.999826794513946e-02
-6.24324 3.907781723037231e-02
-6.22903 3.822133641310905e-02
-6.21481 3.741863680680515e-02
-6.20060 3.666205919043672e-02
-6.18639 3.594617454319315e-02
-6.17217 3.526715077434538e-02
-6.15796 3.462209769608764e-02
-6.14374 3.400856196723032e-02
-6.12953 3.342422385633123e-02
-6.11532 3.286677197762530e-02
-6.10110 3.233389918980669e-02
-6.08689 3.182336016196814e-02
-6.07267 3.133304446660996e-02
-6.05846 3.086103719843273e-02
-6.04424 3.040565519961249e-02
-6.03003 2.996545808751745e-02
-6.01582 2.953923919414221e-02
-6.00160 2.912600339034977e-02
-5.98739 2.872493814765492e-02
-5.97317 2.833538248018921e-02
-5.95896 2.795679658099201e-02
-5.94474 2.758873354004620e-02
-5.93053 2.723081366725818e-02
-5.91632 2.688270157542981e-02
-5.90210 2.654408613593563e-02
-5.88789 2.621466352001693e-02
-5.87367 2.589412363775849e-02
-5.85946 2.558214030114526e-02
-5.84525 2.527836534056789e-02
-5.83103 2.498242671167605e-02
-5.81682 2.469393038137578e-02
-5.80260 2.441246552499826e-02
-5.78839 2.413761234322234e-02
-5.77417 2.386895164738347e-02
-5.75996 2.360607528141517e-02
-5.74575 2.334859645076732e-02
-5.73153 2.309615910579515e-02
-5.71732 2.284844566495035e-02
-5.70310 2.260518254363003e-02
-5.68889 2.236614315877905e-02
-5.67467 2.213114828931087e-02
-5.66046 2.190006387234532e-02
-5.64625 2.167279649230709e-02
-5.63203 2.144928696443247e-02
-5.61782 2.122950251978277e-02
-5.60360 2.101342816215884e-02
-5.58939 2.080105778795196e-02
-5.57518 2.059238564014624e-02
-5.56096 2.038739861184802e-02
-5.54675 2.018606982911214e-02
-5.53253 1.998835383505490e-02
-5.51832 1.979418357568685e-02
-5.50410 1.960346926122305e-02
-5.48989 1.941609905321219e-02
-5.47568 1.923194141527154e-02
-5.46146 1.905084886992726e-02
-5.44725 1.887266283092015e-02
-5.43303 1.869721913250234e-02
-5.41882 1.852435385607035e-02
-5.40460 1.835390905953659e-02
-5.39039 1.818573804410842e-02
-5.37618 1.801970984322612e-02
-5.36196 1.785571268486211e-02
-5.34775 1.769365625605719e-02
-5.33353 1.753347268199613e-02
-5.31932 1.737511621566339e-02
-5.30511 1.721856171309658e-02
-5.29089 1.706380203903291e-02
-5.27668 1.691084460474786e-02
-5.26246 1.675970728154285e-02
-5.24825 1.661041395816419e-02
-5.23403 1.646299001802497e-02
-5.21982 1.631745800308919e-02
-5.20561 1.617383370720715e-02
-5.19139 1.603212290487688e-02
-5.17718 1.589231887472918e-02
-5.16296 1.575440082375330e-02
-5.14875 1.561833326181014e-02
-5.13453 1.548406631969651e-02
-5.12032 1.535153695107798e-02
-5.10611 1.522067091176205e-02
-5.09189 1.509138537129385e-02
-5.07768 1.496359198337784e-02
-5.06346 1.483720022416589e-02
-5.04925 1.471212080134982e-02
-5.03504 1.458826894196101e-02
-5.02082 1.446556738193983e-02
-5.00661 1.434394890452322e-02
-4.99239 1.422335830554967e-02
-4.97818 1.410375369986271e-02
-4.96396 1.398510712192122e-02
-4.94975 1.386740441328949e-02
-4.93554 1.375064442776240e-02
-4.92132 1.363483761956179e-02
-4.90711 1.352000410968121e-02
-4.89289 1.340617134877552e-02
-4.87868 1.329337151109994e-02
-4.86446 1.318163876243620e-02
-4.85025 1.307100654564959e-02
-4.83604 1.296150502085056e-02
-4.82182 1.285315878379013e-02
-4.80761 1.274598496710381e-02
-4.79339 1.263999180556953e-02
-4.77918 1.253517772005266e-02
-4.76496 1.243153094674589e-02
-4.75075 1.232902971014581e-02
-4.73654 1.222764291133885e-02
-4.72232 1.212733127886116e-02
-4.70811 1.202804890872036e-02
-4.69389 1.192974510396191e-02
-4.67968 1.183236641300645e-02
-4.66547 1.173585876018347e-02
-4.65125 1.164016956147061e-02
-4.63704 1.154524972318978e-02
-4.62282 1.145105543084752e-02
-4.60861 1.135754964877526e-02
-4.59439 1.126470326790599e-02
-4.58018 1.117249585798881e-02
-4.56597 1.108091600080338e-02
-4.55175 1.098996120149779e-02
-4.53754 1.089963739507933e-02
-4.52332 1.080995808347164e-02
-4.50911 1.072094315467283e-02
-4.49489 1.063261744883555e-02
-4.48068 1.054500914616738e-02
-4.46647 1.045814805828020e-02
-4.45225 1.037206390813168e-02
-4.43804 1.028678468445331e-02
-4.42382 1.020233515539614e-02
-4.40961 1.011873562440847e-02
-4.39540 1.003600101115988e-02
-4.38118 9.954140344742912e-03
-4.36697 9.873156770075516e-03
-4.35275 9.793048198495786e-03
-4.33854 9.713808791014564e-03
-4.32432 9.635431565059136e-03
-4.31011 9.557912591043950e-03
-4.29590 9.481257539916899e-03
-4.28168 9.405491832681197e-03
-4.26747 9.330676451316950e-03
-4.25325 9.256932798269982e-03
-4.23904 9.184482172746108e-03
-4.22482 9.113709072840131e-03
-4.21061 9.045263905233273e-03
-4.19640 8.980232766782059e-03
-4.18218 8.920426674347575e-03
-4.16797 8.868894065705905e-03
-4.15375 8.830860560272323e-03
-4.13954 8.815466987536066e-03
-4.12533 8.838891375108538e-03
-4.11111 8.929615598337177e-03
-4.09690 9.136627540717451e-03
-4.08268 9.541175665706685e-03
-4.06847 1.027175319836744e-02
-4.05425 1.152084838715863e-02
-4.04004 1.364197702160857e-02
-4.02583 1.772153729674076e-02
-4.01161 2.416995998472029e-02
-3.99740 2.881750139919909e-02
-3.98318 3.209015735823043e-02
-3.96897 3.651106432172645e-02
-3.95475 4.056861800142449e-02
-3.94054 4.361127189459558e-02
-3.92633 4.608925585550114e-02
-3.91211 4.859043443172731e-02
-3.89790 5.138112648098278e-02
-3.88368 5.440811651802281e-02
-3.86947 5.753690019122799e-02
-3.85526 6.071321105380188e-02
-3.84104 6.397585290811697e-02
-3.82683 6.742195153146904e-02
-3.81261 7.119229486536280e-02
-3.79840 7.542261418399428e-02
-3.78418 8.005685692864206e-02
-3.76997 8.458813911945118e-02
-3.75576 8.807156151700317e-02
-3.74154 8.965677189131324e-02
-3.72733 8.926577660760655e-02
-3.71311 8.768711823716091e-02
-3.69890 8.594908286525182e-02
-3.68468 8.464020135998832e-02
-3.67047 8.377205053772317e-02
-3.65626 8.308319456349010e-02
-3.64204 8.234974852890631e-02
-3.62783 8.148958787977019e-02
-3.61361 8.052355048316068e-02
-3.59940 7.951061471740152e-02
-3.58519 7.850783292489882e-02
-3.57097 7.755528387486431e-02
-3.55676 7.667463506051077e-02
-3.54254 7.587329411362057e-02
-3.52833 7.514995405292424e-02
-3.51411 7.449937693333895e-02
-3.49990 7.391548593544656e-02
-3.48569 7.339273569499863e-02
-3.47147 7.292628330097319e-02
-3.45726 7.251163911397843e-02
-3.44304 7.214433141901339e-02
-3.42883 7.181984894552587e-02
-3.41461 7.153388289766990e-02
-3.40040 7.128274779878602e-02
-3.38619 7.106381845695632e-02
-3.37197 7.087584392026949e-02
-3.35776 7.071905130625154e-02
-3.34354 7.059500835499187e-02
-3.32933 7.050626195397260e-02
-3.31512 7.045580681683238e-02
-3.30090 7.044646292174141e-02
-3.28669 7.048025190403785e-02
-3.27247 7.055786154838400e-02
-3.25826 7.067827492219020e-02
-3.24404 7.083861862980960e-02
-3.22983 7.103425601779453e-02
-3.21562 7.125911922833338e-02
-3.20140 7.150624228640336e-02
-3.18719 7.176842953506866e-02
-3.17297 7.203897333233662e-02
-3.15876 7.231232532977443e-02
-3.14454 7.258462933351471e-02
-3.13033 7.285404154021222e-02
-3.11612 7.312079437622593e-02
-3.10190 7.338699918408884e-02
-3.08769 7.365622427135199e-02
-3.07347 7.393292079995405e-02
-3.05926 7.422179240113715e-02
-3.04505 7.452721005255497e-02
-3.03083 7.485275996547233e-02
-3.01662 7.520098159908936e-02
-3.00240 7.557331211972339e-02
-2.98819 7.597021216046267e-02
-2.97397 7.639141585789767e-02
-2.95976 7.683623429336102e-02
-2.94555 7.730384984656556e-02
-2.93133 7.779356776520452e-02
-2.91712 7.830503209692452e-02
-2.90290 7.883845222071421e-02
-2.88869 7.939490736425116e-02
-2.87447 7.997678604161422e-02
-2.86026 8.058837025158029e-02
-2.84605 8.123649930849618e-02
-2.83183 8.193116811667907e-02
-2.81762 8.268585660523080e-02
-2.80340 8.351736204257115e-02
-2.78919 8.444489136601513e-02
-2.77497 8.548812355810573e-02
-2.76076 8.666387889777950e-02
-2.74655 8.798108447921391e-02
-2.73233 8.943420499749406e-02
-2.71812 9.099643764715587e-02
-2.70390 9.261548056227180e-02
-2.68969 9.421563467375407e-02
-2.67548 9.570981821060308e-02
-2.66126 9.703044409579219e-02
-2.64705 9.825008045111086e-02
-2.63283 1.000634328364976e-01
-2.61862 1.042116461472640e-01
-2.60440 1.104776851054923e-01
-2.59019 1.138290511768026e-01
-2.57598 1.129843601237733e-01
-2.56176 1.122223001809571e-01
-2.54755 1.125794461892700e-01
-2.53333 1.128260414713024e-01
-2.51912 1.125150802533062e-01
-2.50490 1.118805147422531e-01
-2.49069 1.112712519990827e-01
-2.47648 1.108463322095947e-01
-2.46226 1.105546696503240e-01
-2.44805 1.102713444320388e-01
-2.43383 1.099097472891480e-01
-2.41962 1.094553596683413e-01
-2.40541 1.089505194934221e-01
-2.39119 1.084584876896382e-01
-2.37698 1.080257190409273e-01
-2.36276 1.076600979658784e-01
-2.34855 1.073337033177110e-01
-2.33433 1.070037504160474e-01
-2.32012 1.066369338997733e-01
-2.30591 1.062243523150663e-01
-2.29169 1.057820228222876e-01
-2.27748 1.053398131544027e-01
-2.26326 1.049259838551763e-01
-2.24905 1.045547284708409e-01
-2.23483 1.042212527886817e-01
-2.22062 1.039049977050471e-01
-2.20641 1.035783975807720e-01
-2.19219 1.032170955429953e-01
-2.17798 1.028078732028152e-01
-2.16376 1.023520819453135e-01
-2.14955 1.018642471790749e-01
-2.13534 1.013670589053685e-01
-2.12112 1.008847832772224e-01
-2.10691 1.004371759857023e-01
-2.09269 1.000354292534274e-01
-2.07848 9.968083548738414e-02
-2.06426 9.936600382291055e-02
-2.05005 9.907784769291836e-02
-2.03584 9.880128251561598e-02
-2.02162 9.852262557553831e-02
-2.00741 9.823198216001588e-02
-1.99319 9.792430115569978e-02
-1.97898 9.759916409194777e-02
-1.96476 9.725964570333641e-02
-1.95055 9.691071258534539e-02
-1.93634 9.655761614549496e-02
-1.92212 9.620462504140337e-02
-1.90791 9.585428258369831e-02
-1.89369 9.550721557718510e-02
-1.87948 9.516239850932769e-02
-1.86527 9.481770820782699e-02
-1.85105 9.447058916937602e-02
-1.83684 9.411867659402294e-02
-1.82262 9.376027487853401e-02
-1.80841 9.339464608130842e-02
-1.79419 9.302211173457595e-02
-1.77998 9.264400410044908e-02
-1.76577 9.226251705624654e-02
-1.75155 9.188050448369883e-02
-1.73734 9.150126068153466e-02
-1.72312 9.112829962063014e-02
-1.70891 9.076513417973686e-02
-1.69469 9.041504752830685e-02
-1.68048 9.008084877145117e-02
-1.66627 8.976461339203484e-02
-1.65205 8.946742320706906e-02
-1.63784 8.918913632033311e-02
-1.62362 8.892823018839018e-02
-1.60941 8.868176605859573e-02
-1.59520 8.844551740142012e-02
-1.58098 8.821428695388950e-02
-1.56677 8.798240728196263e-02
-1.55255 8.774438179225783e-02
-1.53834 8.749558334696826e-02
-1.52412 8.723289519182779e-02
-1.50991 8.695516416165293e-02
-1.49570 8.666334807110834e-02
-1.48148 8.636028215477214e-02
-1.46727 8.605006029043299e-02
-1.45305 8.573711422422223e-02
-1.43884 8.542516055899464e-02
-1.42462 8.511625075034918e-02
-1.41041 8.481018404888079e-02
-1.39620 8.450450825246189e-02
-1.38198 8.419522024657111e-02
-1.36777 8.387807860090729e-02
-1.35355 8.355017751125168e-02
-1.33934 8.321119282904707e-02
-1.32513 8.286365585360163e-02
-1.31091 8.251191180855735e-02
-1.29670 8.216013797418732e-02
-1.28248 8.181072816088682e-02
-1.26827 8.146487353669470e-02
-1.25405 8.112615645723954e-02
-1.23984 8.080444665179060e-02
-1.22563 8.051310966596918e-02
-1.21141 8.025440217786491e-02
-1.19720 8.000095962849441e-02
-1.18298 7.969148961853456e-02
-1.16877 7.924243424500829e-02
-1.15455 7.856370271997476e-02
-1.14034 7.762871319953667e-02
-1.12613 7.663918612887120e-02
-1.11191 7.587107381568581e-02
-1.09770 7.376556874515917e-02
-1.08348 7.015364850150074e-02
-1.06927 6.707672192927550e-02
-1.05506 6.444771269939907e-02
-1.04084 6.203309385457095e-02
-1.02663 5.991008780833740e-02
-1.01241 5.811844314834422e-02
-0.99820 5.654511477962602e-02
-0.98398 5.504257114996004e-02
-0.96977 5.353356286374726e-02
-0.95556 5.202981372800341e-02
-0.94134 5.058581244524023e-02
-0.92713 4.924373551752903e-02
-0.91291 4.800767283612248e-02
-0.89870 4.685104504519546e-02
-0.88448 4.574000750852548e-02
-0.87027 4.465271204290086e-02
-0.85606 4.358473271971215e-02
-0.84184 4.254318253269485e-02
-0.82763 4.153724460151442e-02
-0.81341 4.057125261387298e-02
-0.79920 3.964253782639546e-02
-0.78498 3.874320507019083e-02
-0.77077 3.786373863876980e-02
-0.75656 3.699643925976418e-02
-0.74234 3.613741592697656e-02
-0.72813 3.528679908957581e-02
-0.71391 3.444772501181760e-02
-0.69970 3.362498795684123e-02
-0.68549 3.282386256463273e-02
-0.67127 3.204902286445671e-02
-0.65706 3.130344721271016e-02
-0.64284 3.058759814411898e-02
-0.62863 2.989925994879576e-02
-0.61441 2.923397189231026e-02
-0.60020 2.858566056982601e-02
-0.58599 2.794737325121890e-02
-0.57177 2.731246125452375e-02
-0.55756 2.667630640947770e-02
-0.54334 2.603782689829489e-02
-0.52913 2.539966012158748e-02
-0.51491 2.476677412563936e-02
-0.50070 2.414448959118356e-02
-0.48649 2.353709620095044e-02
-0.47227 2.294722107637772e-02
-0.45806 2.237521281419120e-02
-0.44384 2.181828494798088e-02
-0.42963 2.127043017042054e-02
-0.41542 2.072427347251244e-02
-0.40120 2.017432163402198e-02
-0.38699 1.961926463127157e-02
-0.37277 1.906151618248193e-02
-0.35856 1.850491081049671e-02
-0.34434 1.795338029682891e-02
-0.33013 1.741196550520066e-02
-0.31592 1.688785635104224e-02
-0.30170 1.638764448335525e-02
-0.28749 1.591064950671506e-02
-0.27327 1.544391033818591e-02
-0.25906 1.496459672791444e-02
-0.24484 1.444833058378049e-02
-0.23063 1.387664245321453e-02
-0.21642 1.324184844168851e-02
-0.20220 1.255548939533911e-02
-0.18799 1.186181367087654e-02
-0.17377 1.123923088374365e-02
-0.15956 1.076301255877524e-02
-0.14535 1.043510234162027e-02
-0.13113 1.014821342057541e-02
-0.11692 9.745182695374511e-03
-0.10270 9.125845526621872e-03
-0.08849 8.295734955108673e-03
-0.07427 7.355238165045996e-03
-0.06006 6.599212165314912e-03
-0.04585 6.612675251849168e-03
-0.03163 7.051552504114444e-03
-0.01742 6.058666773510334e-03
-0.00320 3.900038388298159e-03
0.01101 2.390973183345680e-03
0.02523 1.666818455786723e-03
0.03944 1.236968970181953e-03
0.05365 9.215812265101757e-04
0.06787 6.839155273434092e-04
0.08208 5.067329929953159e-04
0.09630 3.755859368630995e-04
0.11051 2.787229097682781e-04
0.12472 2.071705427782412e-04
0.13894 1.542958843696253e-04
0.15315 1.152276316004003e-04
0.16737 8.636604959421341e-05
0.18158 6.503509667967550e-05
0.19580 4.924552955917068e-05
0.21001 3.752631354181432e-05
0.22422 2.879715270574328e-05
0.23844 2.226946144602673e-05
0.25265 1.737000254859019e-05
0.26687 1.368333704103885e-05
0.28108 1.090949369425639e-05
0.29530 8.833477540285649e-06
0.30951 7.303726203998307e-06
0.32372 6.217258461222657e-06
0.33794 5.509880760898349e-06
0.35215 5.150348578974850e-06
0.36637 5.137815135055457e-06
0.38058 5.502271602608498e-06
0.39479 6.308036121886023e-06
0.40901 7.660731156759972e-06
0.42322 9.718636788096946e-06
0.43744 1.270982438335221e-05
0.45165 1.695698909632657e-05
0.46587 2.291220747102103e-05
0.48008 3.120355957295312e-05
0.49429 4.269410532157828e-05
0.50851 5.855054137380816e-05
0.52272 8.031422080106067e-05
0.53694 1.099644244337476e-04
0.55115 1.499739972347268e-04
0.56537 2.034004832744413e-04
0.57958 2.741345022582760e-04
0.59379 3.675247645268077e-04
0.60801 4.920393722362674e-04
0.62222 6.636673383531624e-04
0.63644 9.092112884716610e-04
0.65065 1.818878600043924e-03
0.66486 1.844291370883408e-03
0.67908 1.876496857919386e-03
0.69329 2.040375443699451e-03
0.70751 2.188652295004429e-03
0.72172 2.403567312201492e-03
0.73594 2.685893273264266e-03
0.75015 3.004487573386390e-03
0.76436 3.338878287040579e-03
0.77858 3.683928960427652e-03
0.79279 4.038837135669445e-03
0.80701 4.393525278488315e-03
0.82122 4.727853460900511e-03
0.83544 5.026161785154920e-03
0.84965 5.286724056237920e-03
0.86386 5.517867263886086e-03
0.87808 5.734183780611047e-03
0.89229 5.953682225116875e-03
0.90651 6.188103632411592e-03
0.92072 6.435677921424732e-03
0.93493 6.686350280721674e-03
0.94915 6.931821815075111e-03
0.96336 7.169770468187120e-03
0.97758 7.401900472588019e-03
0.99179 7.630668371770662e-03
1.00601 7.857717538641571e-03
1.02022 8.084218481072354e-03
1.03443 8.311922166987114e-03
1.04865 8.543709908216009e-03
1.06286 8.783382013139766e-03
1.07708 9.038890873564185e-03
1.09129 9.355384503697653e-03
1.10551 9.877627184103068e-03
1.11972 1.040916051505066e-02
1.13393 1.043321059462680e-02
1.14815 1.064388892488225e-02
1.16236 1.094140813733825e-02
1.17658 1.122384509340488e-02
1.19079 1.149684798618176e-02
1.20501 1.178965890142224e-02
1.21922 1.210082939612334e-02
1.23343 1.240650994858586e-02
1.24765 1.269496020469291e-02
1.26186 1.297729159393180e-02
1.27608 1.326897206032697e-02
1.29029 1.357454306419565e-02
1.30450 1.388940007959425e-02
1.31872 1.420701467827063e-02
1.33293 1.452293684088047e-02
1.34715 1.483588848446450e-02
1.36136 1.514739111922726e-02
1.37558 1.546046304603160e-02
1.38979 1.577801126063876e-02
1.40400 1.610164208474705e-02
1.41822 1.643130983345212e-02
1.43243 1.676578072473120e-02
1.44665 1.710355587704335e-02
1.46086 1.744378065177925e-02
1.47508 1.778676475856947e-02
1.48929 1.813396440024898e-02
1.50350 1.848751809805852e-02
1.51772 1.884958517855368e-02
1.53193 1.922176581080249e-02
1.54615 1.960479799168300e-02
1.56036 1.999858568892270e-02
1.57457 2.040248017080133e-02
1.58879 2.081566141629833e-02
1.60300 2.123746289641284e-02
1.61722 2.166753559353471e-02
1.63143 2.210582561913428e-02
1.64565 2.255241413870475e-02
1.65986 2.300731738564507e-02
1.67407 2.347035843459332e-02
1.68829 2.394120134035396e-02
1.70250 2.441959048687499e-02
1.71672 2.490577717684264e-02
1.73093 2.540105724788984e-02
1.74515 2.590830144560783e-02
1.75936 2.643234242679162e-02
1.77357 2.698008903575166e-02
1.78779 2.756026361735242e-02
1.80200 2.818269322076631e-02
1.81622 2.885712796690234e-02
1.83043 2.959162028251096e-02
1.84464 3.039060058508352e-02
1.85886 3.125294466856446e-02
1.87307 3.217050877115173e-02
1.88729 3.312767132081775e-02
1.90150 3.410216441230086e-02
1.91572 3.506688589353291e-02
1.92993 3.599196640088932e-02
1.94414 3.684706873733968e-02
1.95836 3.760606611696118e-02
1.97257 3.825798268591449e-02
1.98679 3.882450256106486e-02
2.00100 3.937079872215853e-02
2.01522 3.997325817499300e-02
2.02943 4.060962996592020e-02
2.04364 4.108441140945036e-02
2.05786 4.122876220464852e-02
2.07207 4.115837642530161e-02
2.08629 4.110118971106941e-02
2.10050 4.109669566623392e-02
2.11471 4.104674273448345e-02
2.12893 4.090147970738092e-02
2.14314 4.070023366096245e-02
2.15736 4.051043782541964e-02
2.17157 4.038388819867927e-02
2.18579 4.037465769318210e-02
2.20000 4.057869739256724e-02
