-12.00000 1.511159964719721e-39
-11.98579 8.703745874303420e-39
-11.97157 4.987089356617372e-38
-11.95736 2.842308500639937e-37
-11.94314 1.611150862266446e-36
-11.92893 9.082821817682479e-36
-11.91471 5.092421630159258e-35
-11.90050 2.839656587017453e-34
-11.88629 1.575003288654150e-33
-11.87207 8.690033748406403e-33
-11.85786 4.770293584835540e-32
-11.84364 2.605640918437784e-31
-11.82943 1.416405116784784e-30
-11.81522 7.663184181432674e-30
-11.80100 4.126731065195974e-29
-11.78679 2.211977777014192e-28
-11.77257 1.180077520093445e-27
-11.75836 6.265413410472144e-27
-11.74414 3.310036473519616e-26
-11.72993 1.739709603786245e-25
-11.71572 9.094520803232165e-25
-11.70150 4.727305687731957e-24
-11.68729 2.442367853739023e-23
-11.67307 1.253580132888145e-22
-11.65886 6.387874126714990e-22
-11.64464 3.229143191645742e-21
-11.63043 1.617977192981607e-20
-11.61622 8.028529734843234e-20
-11.60200 3.942182325179854e-19
-11.58779 1.914239299857746e-18
-11.57357 9.187748049912292e-18
-11.55936 4.357372087608214e-17
-11.54515 2.041266271926734e-16
-11.53093 9.441136538948471e-16
-11.51672 4.307597128921316e-15
-11.50250 1.936180583817701e-14
-11.48829 8.557533166986561e-14
-11.47407 3.711393054990533e-13
-11.45986 1.576684813180797e-12
-11.44565 6.554755292577158e-12
-11.43143 2.665682820782282e-11
-11.41722 1.059287087121179e-10
-11.40300 4.099318894233920e-10
-11.38879 1.536262236806763e-09
-11.37457 5.526753443714755e-09
-11.36036 1.871975339698803e-08
-11.34615 5.755003215561315e-08
-11.33193 1.539655695840099e-07
-11.31772 3.499814555865763e-07
-11.30350 6.806504260543122e-07
-11.28929 1.167603161429029e-06
-11.27508 1.827243076241622e-06
-11.26086 2.667959928717058e-06
-11.24665 3.684774126125227e-06
-11.23243 4.873683046567673e-06
-11.21822 6.244009250904338e-06
-11.20400 7.808856582627768e-06
-11.18979 9.570943923099328e-06
-11.17558 1.152281449167144e-05
-11.16136 1.365808631219886e-05
-11.14715 1.597975585378766e-05
-11.13293 1.849840630664575e-05
-11.11872 2.122416305062568e-05
-11.10450 2.416002950562822e-05
-11.09029 2.730071339457470e-05
-11.07608 3.063619970108520e-05
-11.06186 3.415702035380473e-05
-11.04765 3.785836979983403e-05
-11.03343 4.174147210392761e-05
-11.01922 4.581197363617912e-05
-11.00501 5.007629377016421e-05
-10.99079 5.453761797855946e-05
-10.97658 5.919331451223392e-05
-10.96236 6.403490039296284e-05
-10.94815 6.905053497918955e-05
-10.93393 7.422892036179175e-05
-10.91972 7.956294879613634e-05
-10.90551 8.505165567638631e-05
-10.89129 9.069982936116492e-05
-10.87708 9.651558519031300e-05
-10.86286 1.025069233191584e-04
-10.84865 1.086785287945584e-04
-10.83443 1.150298355351120e-04
-10.82022 1.215548340883040e-04
-10.80601 1.282434946622886e-04
-10.79179 1.350842090364497e-04
-10.77758 1.420664428374276e-04
-10.76336 1.491828439116755e-04
-10.74915 1.564303033394923e-04
-10.73493 1.638098051212734e-04
-10.72072 1.713252237736576e-04
-10.70651 1.789814612931402e-04
-10.69229 1.867824215593378e-04
-10.67808 1.947293025923722e-04
-10.66386 2.028195710771913e-04
-10.64965 2.110468074536944e-04
-10.63544 2.194014145668671e-04
-10.62122 2.278720057733281e-04
-10.60701 2.364471595458668e-04
-10.59279 2.451171669304994e-04
-10.57858 2.538754133153129e-04
-10.56436 2.627191209847623e-04
-10.55015 2.716493151455448e-04
-10.53594 2.806700351769546e-04
-10.52172 2.897869623399322e-04
-10.50751 2.990057453185505e-04
-10.49329 3.083303550329585e-04
-10.47908 3.177617826885985e-04
-10.46486 3.272973168837941e-04
-10.45065 3.369305157333604e-04
-10.43644 3.466518545599713e-04
-10.42222 3.564499061071156e-04
-10.40801 3.663128212016819e-04
-10.39379 3.762298373434285e-04
-10.37958 3.861925542009945e-04
-10.36537 3.961957717403084e-04
-10.35115 4.062377743895254e-04
-10.33694 4.163200449654055e-04
-10.32272 4.264464866428031e-04
-10.30851 4.366223048198095e-04
-10.29429 4.468527434870559e-04
-10.28008 4.571418791122117e-04
-10.26587 4.674916515110156e-04
-10.25165 4.779012627725011e-04
-10.23744 4.883670119589620e-04
-10.22322 4.988825658266760e-04
-10.20901 5.094396041938065e-04
-10.19479 5.200287306851211e-04
-10.18058 5.306405104249837e-04
-10.16637 5.412664877832386e-04
-10.15215 5.519000486161238e-04
-10.13794 5.625370193803118e-04
-10.12372 5.731759351960769e-04
-10.10951 5.838179546659228e-04
-10.09530 5.944664451066099e-04
-10.08108 6.051263023621367e-04
-10.06687 6.158031000400860e-04
-10.05265 6.265021807265041e-04
-10.03844 6.372278049746852e-04
-10.02422 6.479824628330733e-04
-10.01001 6.587664292163524e-04
-9.99580 6.695776117662959e-04
-9.98158 6.804117022268590e-04
-9.96737 6.912626044885654e-04
-9.95315 7.021230789693952e-04
-9.93894 7.129855178717671e-04
-9.92472 7.238427519370300e-04
-9.91051 7.346887879978464e-04
-9.89630 7.455193876930485e-04
-9.88208 7.563324194166283e-04
-9.86787 7.671279449171886e-04
-9.85365 7.779080350995772e-04
-9.83944 7.886763423340466e-04
-9.82523 7.994374849883780e-04
-9.81101 8.101963206996904e-04
-9.79680 8.209571958997514e-04
-9.78258 8.317232593924386e-04
-9.76837 8.424959177790708e-04
-9.75415 8.532744918677692e-04
-9.73994 8.640561084588510e-04
-9.72573 8.748358342170669e-04
-9.71151 8.856070310358226e-04
-9.69730 8.963618884440466e-04
-9.68308 9.070920706976231e-04
-9.66887 9.177894058992950e-04
-9.65465 9.284465425078346e-04
-9.64044 9.390575046678125e-04
-9.62623 9.496180907973040e-04
-9.61201 9.601260780404380e-04
-9.59780 9.705812163600251e-04
-9.58358 9.809850179353741e-04
-9.56937 9.913403680078870e-04
-9.55516 1.001651000582826e-03
-9.54094 1.011920895082159e-03
-9.52673 1.022153657209885e-03
-9.51251 1.032351948349193e-03
-9.49830 1.042517022452648e-03
-9.48408 1.052648417636265e-03
-9.46987 1.062743832177559e-03
-9.45566 1.072799193089442e-03
-9.44144 1.082808903236972e-03
-9.42723 1.092766234923176e-03
-9.41301 1.102663828922720e-03
-9.39880 1.112494260096446e-03
-9.38458 1.122250639609034e-03
-9.37037 1.131927228051907e-03
-9.35616 1.141520022307120e-03
-9.34194 1.151027260267117e-03
-9.32773 1.160449818569537e-03
-9.31351 1.169791662927061e-03
-9.29930 1.179060830065548e-03
-9.28509 1.188271313018439e-03
-9.27087 1.197444648186493e-03
-9.25666 1.206607638921556e-03
-9.24244 1.215784196645965e-03
-9.22823 1.224986982446756e-03
-9.21401 1.234216364610463e-03
-9.19980 1.243458921865280e-03
-9.18559 1.252671145993167e-03
-9.17137 1.261766809861368e-03
-9.15716 1.270649468228205e-03
-9.14294 1.279276903688556e-03
-9.12873 1.287681914728038e-03
-9.11451 1.295919967339385e-03
-9.10030 1.304007859629773e-03
-9.08609 1.311916954211743e-03
-9.07187 1.319608761716648e-03
-9.05766 1.327065532374831e-03
-9.04344 1.334294933555927e-03
-9.02923 1.341318200230998e-03
-9.01502 1.348156782064527e-03
-9.00080 1.354825283647323e-03
-8.98659 1.361331584851563e-03
-8.97237 1.367681212525890e-03
-8.95816 1.373881783996873e-03
-8.94394 1.379944310528171e-03
-8.92973 1.385880547786065e-03
-8.91552 1.391698015594426e-03
-8.90130 1.397395540972324e-03
-8.88709 1.402961779022197e-03
-8.87287 1.408377596539163e-03
-8.85866 1.413621404310329e-03
-8.84444 1.418675355751574e-03
-8.83023 1.423530183088604e-03
-8.81602 1.428187181087167e-03
-8.80180 1.432657010838202e-03
-8.78759 1.436956077255901e-03
-8.77337 1.441101887102854e-03
-8.75916 1.445108899625321e-03
-8.74494 1.448986013072740e-03
-8.73073 1.452736178868450e-03
-8.71652 1.456357931748187e-03
-8.70230 1.459848074757385e-03
-8.68809 1.463204497612494e-03
-8.67387 1.466428174783968e-03
-8.65966 1.469523729574066e-03
-8.64545 1.472498436477830e-03
-8.63123 1.475360013350772e-03
-8.61702 1.478113893804644e-03
-8.60280 1.480760789720430e-03
-8.58859 1.483295243927223e-03
-8.57437 1.485705586311719e-03
-8.56016 1.487975334564675e-03
-8.54595 1.490085724942753e-03
-8.53173 1.492018803411112e-03
-8.51752 1.493760403258909e-03
-8.50330 1.495302390681623e-03
-8.48909 1.496643746929230e-03
-8.47487 1.497790320947917e-03
-8.46066 1.498753365870010e-03
-8.44645 1.499547206186458e-03
-8.43223 1.500186525799542e-03
-8.41802 1.500683799235458e-03
-8.40380 1.501047312720997e-03
-8.38959 1.501280063779695e-03
-8.37538 1.501379627130274e-03
-8.36116 1.501338875852995e-03
-8.34695 1.501147290708667e-03
-8.33273 1.500792505835396e-03
-8.31852 1.500261737682905e-03
-8.30430 1.499542819872863e-03
-8.29009 1.498624698031007e-03
-8.27588 1.497497393526189e-03
-8.26166 1.496151588002241e-03
-8.24745 1.494578079752821e-03
-8.23323 1.492767396187485e-03
-8.21902 1.490709805360472e-03
-8.20480 1.488395860360770e-03
-8.19059 1.485817453707259e-03
-8.17638 1.482969185441777e-03
-8.16216 1.479849694113625e-03
-8.14795 1.476462499119422e-03
-8.13373 1.472815883927989e-03
-8.11952 1.468921428923774e-03
-8.10531 1.464790981347193e-03
-8.09109 1.460432113309923e-03
-8.07688 1.455842436891071e-03
-8.06266 1.451003474526157e-03
-8.04845 1.445875069960786e-03
-8.03423 1.440391509974226e-03
-8.02002 1.434460546837469e-03
-8.00581 1.427966305418110e-03
-7.99159 1.420776579491880e-03
-7.97738 1.412754254782249e-03
-7.96316 1.403771590764792e-03
-7.94895 1.393724997468757e-03
-7.93473 1.382547028045038e-03
-7.92052 1.370211953263653e-03
-7.90631 1.356731909496038e-03
-7.89209 1.342142541926133e-03
-7.87788 1.326480360487216e-03
-7.86366 1.309758314805043e-03
-7.84945 1.291950410912384e-03
-7.83524 1.272998803310912e-03
-7.82102 1.252855078102758e-03
-7.80681 1.231558256586180e-03
-7.79259 1.209333497700628e-03
-7.77838 1.186670605988248e-03
-7.76416 1.164322250079164e-03
-7.74995 1.143168678186451e-03
-7.73574 1.123947552631889e-03
-7.72152 1.106944477802728e-03
-7.70731 1.091849783637051e-03
-7.69309 1.078040106816186e-03
-7.67888 1.065421929743489e-03
-7.66466 1.055533683356576e-03
-7.65045 1.051875640228774e-03
-7.63624 1.058066328204694e-03
-7.62202 1.073746179490891e-03
-7.60781 1.092459938140668e-03
-7.59359 1.111751849699700e-03
-7.57938 1.150852106537599e-03
-7.56517 1.211336269145381e-03
-7.55095 1.199344359043553e-03
-7.53674 1.046582360108481e-03
-7.52252 8.643642003735804e-04
-7.50831 7.729131562594569e-04
-7.49409 7.679275683922115e-04
-7.47988 8.028999242863910e-04
-7.46567 8.454131930448155e-04
-7.45145 8.771874030338015e-04
-7.43724 8.931571817483147e-04
-7.42302 8.997150724370094e-04
-7.40881 9.067086586133143e-04
-7.39459 9.193632254116240e-04
-7.38038 9.365176743359607e-04
-7.36617 9.543440914732385e-04
-7.35195 9.704712531197081e-04
-7.33774 9.852784252548940e-04
-7.32352 1.000737884309952e-03
-7.30931 1.018688561344403e-03
-7.29510 1.039841062073729e-03
-7.28088 1.063753054923840e-03
-7.26667 1.089391279934556e-03
-7.25245 1.115779546331321e-03
-7.23824 1.142400177941484e-03
-7.22402 1.169258378955365e-03
-7.20981 1.196699826449840e-03
-7.19560 1.225141145220647e-03
-7.18138 1.254849088686296e-03
-7.16717 1.285836546446992e-03
-7.15295 1.317876694203590e-03
-7.13874 1.350594616669216e-03
-7.12452 1.383582802264304e-03
-7.11031 1.416495861640909e-03
-7.09610 1.449099814115478e-03
-7.08188 1.481272529708411e-03
-7.06767 1.512967850392916e-03
-7.05345 1.544163698940650e-03
-7.03924 1.574814417270648e-03
-7.02503 1.604821948834725e-03
-7.01081 1.634032304160557e-03
-6.99660 1.662255751363257e-03
-6.98238 1.689303223165416e-03
-6.96817 1.715028391372552e-03
-6.95395 1.739364725829787e-03
-6.93974 1.762349036891509e-03
-6.92553 1.784126616889332e-03
-6.91131 1.804937220925124e-03
-6.89710 1.825084955794534e-03
-6.88288 1.844898079532222e-03
-6.86867 1.864686383442429e-03
-6.85445 1.884704081178019e-03
-6.84024 1.905125010481163e-03
-6.82603 1.926034689649000e-03
-6.81181 1.947440751927063e-03
-6.79760 1.969300008536714e-03
-6.78338 1.991557377866750e-03
-6.76917 2.014189552891682e-03
-6.75495 2.037244732840200e-03
-6.74074 2.060869049146162e-03
-6.72653 2.085310699122439e-03
-6.71231 2.110895275193308e-03
-6.69810 2.137972783689923e-03
-6.68388 2.166852529511228e-03
-6.66967 2.197770885719755e-03
-6.65546 2.230977734829941e-03
-6.64124 2.267059147806802e-03
-6.62703 2.307580620280399e-03
-6.61281 2.355959306392923e-03
-6.59860 2.418171694048692e-03
-6.58438 2.503036454934606e-03
-6.57017 2.623687612493824e-03
-6.55596 2.795224394177095e-03
-6.54174 2.993607922335665e-03
-6.52753 3.205245639541808e-03
-6.51331 3.476493348063334e-03
-6.49910 3.711924821510301e-03
-6.48488 3.915829902494081e-03
-6.47067 4.823690146347765e-03
-6.45646 3.453549937835509e-03
-6.44224 3.248856290804783e-03
-6.42803 3.047912055716956e-03
-6.41381 2.857967388423646e-03
-6.39960 2.697265907731826e-03
-6.38539 2.568150588798977e-03
-6.37117 2.463962904430006e-03
-6.35696 2.376176081024709e-03
-6.34274 2.298328497421094e-03
-6.32853 2.226841426754945e-03
-6.31431 2.160237957244268e-03
-6.30010 2.098069177257201e-03
-6.28589 2.040158594209279e-03
-6.27167 1.986257128781168e-03
-6.25746 1.935979534695007e-03
-6.24324 1.888866745167802e-03
-6.22903 1.844469246064534e-03
-6.21481 1.802403855792254e-03
-6.20060 1.762374626002539e-03
-6.18639 1.724166646976863e-03
-6.17217 1.687626049872263e-03
-6.15796 1.652637241741498e-03
-6.14374 1.619104003726852e-03
-6.12953 1.586937013027491e-03
-6.11532 1.556047589829841e-03
-6.10110 1.526346099701086e-03
-6.08689 1.497743119212826e-03
-6.07267 1.470151755722143e-03
-6.05846 1.443490029153987e-03
-6.04424 1.417682732786325e-03
-6.03003 1.392662574681231e-03
-6.01582 1.368370634614871e-03
-6.00160 1.344756276692043e-03
-5.98739 1.321776677788486e-03
-5.97317 1.299396107980355e-03
-5.95896 1.277585061947642e-03
-5.94474 1.256319307831448e-03
-5.93053 1.235578899133647e-03
-5.91632 1.215347185672948e-03
-5.90210 1.195609857463573e-03
-5.88789 1.176354055986437e-03
-5.87367 1.157567586916974e-03
-5.85946 1.139238264821590e-03
-5.84525 1.121353413120653e-03
-5.83103 1.103899532447397e-03
-5.81682 1.086862138801336e-03
-5.80260 1.070225761181377e-03
-5.78839 1.053974078087919e-03
-5.77417 1.038090164414758e-03
-5.75996 1.022556815359729e-03
-5.74575 1.007356912183923e-03
-5.73153 9.924737957140958e-04
-5.71732 9.778916169446408e-04
-5.70310 9.635956393564746e-04
-5.68889 9.495724739876250e-04
-5.67467 9.358102352435437e-04
-5.66046 9.222986123679024e-04
-5.64625 9.090288579410231e-04
-5.63203 8.959937003699022e-04
-5.61782 8.831871918234651e-04
-5.60360 8.706045062947319e-04
-5.58939 8.582417043800027e-04
-5.57518 8.460954819825788e-04
-5.56096 8.341629195786465e-04
-5.54675 8.224412470901524e-04
-5.53253 8.109276370035087e-04
-5.51832 7.996190353919164e-04
-5.50410 7.885120371925340e-04
-5.48989 7.776028087023357e-04
-5.47568 7.668870570131327e-04
-5.46146 7.563600431998939e-04
-5.44725 7.460166336587872e-04
-5.43303 7.358513821672339e-04
-5.41882 7.258586340636830e-04
-5.40460 7.160326434283342e-04
-5.39039 7.063676942532013e-04
-5.37618 6.968582172499959e-04
-5.36196 6.874988950588872e-04
-5.34775 6.782847500733288e-04
-5.33353 6.692112107601909e-04
-5.31932 6.602741541046446e-04
-5.30511 6.514699235281294e-04
-5.29089 6.427953232122985e-04
-5.27668 6.342475911285219e-04
-5.26246 6.258243541602311e-04
-5.24825 6.175235694767219e-04
-5.23403 6.093434567579004e-04
-5.21982 6.012824259874860e-04
-5.20561 5.933390053535531e-04
-5.19139 5.855117733613959e-04
-5.17718 5.777992986267188e-04
-5.16296 5.702000900359024e-04
-5.14875 5.627125590957529e-04
-5.13453 5.553349954073547e-04
-5.12032 5.480655553422606e-04
-5.10611 5.409022632215127e-04
-5.09189 5.338430236367484e-04
-5.07768 5.268856430349819e-04
-5.06346 5.200278583306227e-04
-5.04925 5.132673701149906e-04
-5.03504 5.066018780001124e-04
-5.02082 5.000291157462607e-04
-5.00661 4.935468840607788e-04
-4.99239 4.871530792933309e-04
-4.97818 4.808457166606919e-04
-4.96396 4.746229470822762e-04
-4.94975 4.684830671660943e-04
-4.93554 4.624245223263000e-04
-4.92132 4.564459034141374e-04
-4.90711 4.505459375846787e-04
-4.89289 4.447234743882960e-04
-4.87868 4.389774682599410e-04
-4.86446 4.333069586780675e-04
-4.85025 4.277110492807424e-04
-4.83604 4.221888871659033e-04
-4.82182 4.167396434764395e-04
-4.80761 4.113624961921406e-04
-4.79339 4.060566158347438e-04
-4.77918 4.008211545552397e-04
-4.76496 3.956552388299808e-04
-4.75075 3.905579657586374e-04
-4.73654 3.855284027454459e-04
-4.72232 3.805655901659718e-04
-4.70811 3.756685464823847e-04
-4.69389 3.708362751757482e-04
-4.67968 3.660677728157517e-04
-4.66547 3.613620375855983e-04
-4.65125 3.567180776187802e-04
-4.63704 3.521349185795834e-04
-4.62282 3.476116100231240e-04
-4.60861 3.431472301953220e-04
-4.59439 3.387408890699472e-04
-4.58018 3.343917295604054e-04
-4.56597 3.300989269809430e-04
-4.55175 3.258616869596522e-04
-4.53754 3.216792421205945e-04
-4.52332 3.175508479542839e-04
-4.50911 3.134757783887845e-04
-4.49489 3.094533216680659e-04
-4.48068 3.054827772590833e-04
-4.46647 3.015634546766659e-04
-4.45225 2.976946753882425e-04
-4.43804 2.938757794229970e-04
-4.42382 2.901061390965796e-04
-4.40961 2.863851835869414e-04
-4.39540 2.827124402999099e-04
-4.38118 2.790876025876112e-04
-4.36697 2.755106392951270e-04
-4.35275 2.719819711989656e-04
-4.33854 2.685027549039162e-04
-4.32432 2.650753398273134e-04
-4.31011 2.617040045113593e-04
-4.29590 2.583961445690183e-04
-4.28168 2.551641924527393e-04
-4.26747 2.520287257861160e-04
-4.25325 2.490235100738314e-04
-4.23904 2.462036965981446e-04
-4.22482 2.436591913259888e-04
-4.21061 2.415366086234907e-04
-4.19640 2.400758890592393e-04
-4.18218 2.396731403832562e-04
-4.16797 2.409927120636707e-04
-4.15375 2.451738691420229e-04
-4.13954 2.542148070205021e-04
-4.12533 2.716650571921854e-04
-4.11111 3.037976241764668e-04
-4.09690 3.614420955314257e-04
-4.08268 4.626266642029575e-04
-4.06847 6.359694917077762e-04
-4.05425 9.245015328208920e-04
-4.04004 1.407417633611924e-03
-4.02583 2.325911555918872e-03
-4.01161 3.768594333521233e-03
-3.99740 4.814161530010718e-03
-3.98318 5.553269422516518e-03
-3.96897 6.540359550720680e-03
-3.95475 7.441855552000702e-03
-3.94054 8.114202049334962e-03
-3.92633 8.658799299000743e-03
-3.91211 9.207049094156051e-03
-3.89790 9.817983746016567e-03
-3.88368 1.047916770244499e-02
-3.86947 1.116013345289452e-02
-3.85526 1.184845749619663e-02
-3.84104 1.255256625998666e-02
-3.82683 1.329405624757898e-02
-3.81261 1.410464139160910e-02
-3.79840 1.501517615808144e-02
-3.78418 1.601300180821160e-02
-3.76997 1.698275596514208e-02
-3.75576 1.770928353238355e-02
-3.74154 1.799910121756035e-02
-3.72733 1.783495540076243e-02
-3.71311 1.739739046744567e-02
-3.69890 1.692195929902281e-02
-3.68468 1.654415146822338e-02
-3.67047 1.626770033949017e-02
-3.65626 1.603357800343055e-02
-3.64204 1.579082131218024e-02
-3.62783 1.552049475747049e-02
-3.61361 1.522704571512024e-02
-3.59940 1.492366569197476e-02
-3.58519 1.462323917719587e-02
-3.57097 1.433493723651803e-02
-3.55676 1.406385265966688e-02
-3.54254 1.381186659209635e-02
-3.52833 1.357882492946639e-02
-3.51411 1.336356670784385e-02
-3.49990 1.316461107460689e-02
-3.48569 1.298049542317601e-02
-3.47147 1.280986865354720e-02
-3.45726 1.265147318646678e-02
-3.44304 1.250411825741395e-02
-3.42883 1.236669245970503e-02
-3.41461 1.223821679408319e-02
-3.40040 1.211791455093042e-02
-3.38619 1.200526986959315e-02
-3.37197 1.190005442623554e-02
-3.35776 1.180231313630634e-02
-3.34354 1.171231000561371e-02
-3.32933 1.163044247974344e-02
-3.31512 1.155713679465239e-02
-3.30090 1.149273849314464e-02
-3.28669 1.143741201417964e-02
-3.27247 1.139106152749303e-02
-3.25826 1.135328234255161e-02
-3.24404 1.132334861092693e-02
-3.22983 1.130023898807559e-02
-3.21562 1.128269772566921e-02
-3.20140 1.126932463082744e-02
-3.18719 1.125868379893239e-02
-3.17297 1.124941841777293e-02
-3.15876 1.124035771128105e-02
-3.14454 1.123060264573473e-02
-3.13033 1.121957956558645e-02
-3.11612 1.120705532517202e-02
-3.10190 1.119311318487643e-02
-3.08769 1.117809481313334e-02
-3.07347 1.116251902524141e-02
-3.05926 1.114699127787345e-02
-3.04505 1.113211862862412e-02
-3.03083 1.111844262790489e-02
-3.01662 1.110639787527621e-02
-3.00240 1.109629780327973e-02
-2.98819 1.108834310617972e-02
-2.97397 1.108264361974233e-02
-2.95976 1.107924256123483e-02
-2.94555 1.107813337529353e-02
-2.93133 1.107926367282224e-02
-2.91712 1.108252673816229e-02
-2.90290 1.108774706576709e-02
-2.88869 1.109467046473076e-02
-2.87447 1.110296991600316e-02
-2.86026 1.111227497208838e-02
-2.84605 1.112222569181509e-02
-2.83183 1.113254375653731e-02
-2.81762 1.114310603050445e-02
-2.80340 1.115400155848499e-02
-2.78919 1.116555260609077e-02
-2.77497 1.117828308509465e-02
-2.76076 1.119282276660807e-02
-2.74655 1.120974470431535e-02
-2.73233 1.122935098033740e-02
-2.71812 1.125145142696767e-02
-2.70390 1.127521388664357e-02
-2.68969 1.129917984021853e-02
-2.67548 1.132151011344815e-02
-2.66126 1.134046616133007e-02
-2.64705 1.135522203638320e-02
-2.63283 1.136772053082722e-02
-2.61862 1.138466569480564e-02
-2.60440 1.140957887988126e-02
-2.59019 1.143246925975613e-02
-2.57598 1.144965344520285e-02
-2.56176 1.146817604471476e-02
-2.54755 1.148673161296974e-02
-2.53333 1.150190704180846e-02
-2.51912 1.151355192884305e-02
-2.50490 1.152256656195922e-02
-2.49069 1.153022958737434e-02
-2.47648 1.153755583614353e-02
-2.46226 1.154457899375525e-02
-2.44805 1.155040494009804e-02
-2.43383 1.155386451949384e-02
-2.41962 1.155431359831688e-02
-2.40541 1.155208014757017e-02
-2.39119 1.154821796416330e-02
-2.37698 1.154375610425472e-02
-2.36276 1.153902160022213e-02
-2.34855 1.153349150702893e-02
-2.33433 1.152620311925911e-02
-2.32012 1.151640015390547e-02
-2.30591 1.150400998332112e-02
-2.29169 1.148970365334229e-02
-2.27748 1.147454662688068e-02
-2.26326 1.145945491490652e-02
-2.24905 1.144473772896076e-02
-2.23483 1.142993006433911e-02
-2.22062 1.141396230055555e-02
-2.20641 1.139556586181864e-02
-2.19219 1.137373564540236e-02
-2.17798 1.134807664857723e-02
-2.16376 1.131893081233751e-02
-2.14955 1.128727058239448e-02
-2.13534 1.125442183946720e-02
-2.12112 1.122171952018193e-02
-2.10691 1.119020031486733e-02
-2.09269 1.116040724091473e-02
-2.07848 1.113233635922594e-02
-2.06426 1.110551262661836e-02
-2.05005 1.107915179913566e-02
-2.03584 1.105235368903192e-02
-2.02162 1.102427761384762e-02
-2.00741 1.099426766896371e-02
-1.99319 1.096191592578308e-02
-1.97898 1.092706918884311e-02
-1.96476 1.088979555771951e-02
-1.95055 1.085032986078832e-02
-1.93634 1.080901373690562e-02
-1.92212 1.076623980816109e-02
-1.90791 1.072240317627350e-02
-1.89369 1.067785961185185e-02
-1.87948 1.063288905808036e-02
-1.86527 1.058766480931547e-02
-1.85105 1.054223143378676e-02
-1.83684 1.049649649531765e-02
-1.82262 1.045024116504484e-02
-1.80841 1.040315251456396e-02
-1.79419 1.035487613970928e-02
-1.77998 1.030508290747936e-02
-1.76577 1.025353941496952e-02
-1.75155 1.020016939986478e-02
-1.73734 1.014509357596223e-02
-1.72312 1.008863828986951e-02
-1.70891 1.003130849933071e-02
-1.69469 9.973726883304238e-03
-1.68048 9.916547191672568e-03
-1.66627 9.860355026768606e-03
-1.65205 9.805572165623586e-03
-1.63784 9.752380737437409e-03
-1.62362 9.700681002079744e-03
-1.60941 9.650091524180636e-03
-1.59520 9.599993950681824e-03
-1.58098 9.549617343800420e-03
-1.56677 9.498150148390228e-03
-1.55255 9.444862416912579e-03
-1.53834 9.389217816689834e-03
-1.52412 9.330954969633183e-03
-1.50991 9.270121294573920e-03
-1.49570 9.207049726388299e-03
-1.48148 9.142278782973216e-03
-1.46727 9.076427966065240e-03
-1.45305 9.010051285770754e-03
-1.43884 8.943499415120090e-03
-1.42462 8.876823529937999e-03
-1.41041 8.809749858536126e-03
-1.39620 8.741742580579618e-03
-1.38198 8.672153654539364e-03
-1.36777 8.600432100450660e-03
-1.35355 8.526336058417931e-03
-1.33934 8.450068665096457e-03
-1.32513 8.372260426068432e-03
-1.31091 8.293764078166696e-03
-1.29670 8.215317859671563e-03
-1.28248 8.137245203853456e-03
-1.26827 8.059423575394678e-03
-1.25405 7.981652222882453e-03
-1.23984 7.904178563319982e-03
-1.22563 7.827685897734820e-03
-1.21141 7.752187256779973e-03
-1.19720 7.675495013344673e-03
-1.18298 7.592856066044183e-03
-1.16877 7.497712780814113e-03
-1.15455 7.382491452569587e-03
-1.14034 7.244899506572445e-03
-1.12613 7.102629383217307e-03
-1.11191 6.975348506505458e-03
-1.09770 6.724936769942667e-03
-1.08348 6.344789927842143e-03
-1.06927 6.016839667287217e-03
-1.05506 5.731344136297571e-03
-1.04084 5.465822877277209e-03
-1.02663 5.227535516782961e-03
-1.01241 5.021140342554685e-03
-0.99820 4.836976040124034e-03
-0.98398 4.661350888712347e-03
-0.96977 4.486685274783437e-03
-0.95556 4.313847638392368e-03
-0.94134 4.148007171622956e-03
-0.92713 3.993255688242814e-03
-0.91291 3.849919562491558e-03
-0.89870 3.715198415038369e-03
-0.88448 3.585536501162722e-03
-0.87027 3.458680204558164e-03
-0.85606 3.334328936460516e-03
-0.84184 3.213527788464622e-03
-0.82763 3.097569105943636e-03
-0.81341 2.987106795898967e-03
-0.79920 2.881823014620994e-03
-0.78498 2.780631215062226e-03
-0.77077 2.682183934210946e-03
-0.75656 2.585397807740437e-03
-0.74234 2.489776245096918e-03
-0.72813 2.395446028016027e-03
-0.71391 2.302963277934434e-03
-0.69970 2.213023513706971e-03
-0.68549 2.126203547617084e-03
-0.67127 2.042803665191525e-03
-0.65706 1.962803973117889e-03
-0.64284 1.885920227160102e-03
-0.62863 1.811724162811742e-03
-0.61441 1.739773247345627e-03
-0.60020 1.669696977090953e-03
-0.58599 1.601224812007885e-03
-0.57177 1.534184309313023e-03
-0.55756 1.468502395280717e-03
-0.54334 1.404207787341749e-03
-0.52913 1.341407104132040e-03
-0.51491 1.280227002549127e-03
-0.50070 1.220755079806795e-03
-0.48649 1.163019613778729e-03
-0.47227 1.107009812548269e-03
-0.45806 1.052699620540130e-03
-0.44384 1.000045843288453e-03
-0.42963 9.489739647941420e-04
-0.41542 8.993861710006455e-04
-0.40120 8.511958899178655e-04
-0.38699 8.043501033808441e-04
-0.37277 7.588060198357056e-04
-0.35856 7.144856543234876e-04
-0.34434 6.712745871480642e-04
-0.33013 6.291012553624372e-04
-0.31592 5.880496673000617e-04
-0.30170 5.484022567479526e-04
-0.28749 5.105430830264928e-04
-0.27327 4.747519371376015e-04
-0.25906 4.409966330518117e-04
-0.24484 4.088294048492280e-04
-0.23063 3.774589341046108e-04
-0.21642 3.460524381876207e-04
-0.20220 3.142596879458786e-04
-0.18799 2.827467019869007e-04
-0.17377 2.532625708090013e-04
-0.15956 2.277879935114635e-04
-0.14535 2.069985749770316e-04
-0.13113 1.892820131505973e-04
-0.11692 1.715318256886473e-04
-0.10270 1.512849956068019e-04
-0.08849 1.283081171349791e-04
-0.07427 1.045080327767086e-04
-0.06006 8.343194916770275e-05
-0.04585 7.012201770274409e-05
-0.03163 6.337153351983430e-05
-0.01742 5.077238420004483e-05
-0.00320 3.262408240779203e-05
0.01101 2.018365961605149e-05
0.02523 1.400311819040421e-05
0.03944 1.040877512222910e-05
0.05365 7.882893824478577e-06
0.06787 6.001482544990683e-06
0.08208 4.572336041436214e-06
0.09630 3.476915540108877e-06
0.11051 2.636246003288338e-06
0.12472 1.994162965042259e-06
0.13894 1.508395693998688e-06
0.15315 1.146085792412002e-06
0.16737 8.814864294498214e-07
0.18158 6.946417398556236e-07
0.19580 5.705134705449253e-07
0.21001 4.983578808088856e-07
0.22422 4.713031538328166e-07
0.23844 4.861360746632486e-07
0.25265 5.433304783890050e-07
0.26687 6.473649349379449e-07
0.28108 8.073942741677862e-07
0.29530 1.038362848118505e-06
0.30951 1.362678685801422e-06
0.32372 1.812609333155113e-06
0.33794 2.433617113175893e-06
0.35215 3.288933307171483e-06
0.36637 4.465794276723192e-06
0.38058 6.083955432270889e-06
0.39479 8.307401417097591e-06
0.40901 1.136063179423939e-05
0.42322 1.555156053954473e-05
0.43744 2.130391185793264e-05
0.45165 2.920288001097672e-05
0.46587 4.005836011813101e-05
0.48008 5.498951443879641e-05
0.49429 7.553173596437914e-05
0.50851 1.037611972346153e-04
0.52272 1.424239787604578e-04
0.53694 1.950552327694344e-04
0.55115 2.661110240828511e-04
0.56537 3.612735879747652e-04
0.57958 4.883410695447175e-04
0.59379 6.593140583055891e-04
0.60801 8.945280099272728e-04
0.62222 1.228786466926974e-03
0.63644 1.705094947338466e-03
0.65065 3.354336848964246e-03
0.66486 3.297274752785455e-03
0.67908 3.373257261875051e-03
0.69329 3.658031609341608e-03
0.70751 3.954662357234926e-03
0.72172 4.378473003679198e-03
0.73594 4.920619561132687e-03
0.75015 5.533663278305727e-03
0.76436 6.192733426476966e-03
0.77858 6.896074192633272e-03
0.79279 7.632493187147242e-03
0.80701 8.356528501647222e-03
0.82122 9.011971147722826e-03
0.83544 9.574083797648099e-03
0.84965 1.004698049020778e-02
0.86386 1.043893166738257e-02
0.87808 1.077175369747712e-02
0.89229 1.109212622240491e-02
0.90651 1.144134318154524e-02
0.92072 1.182343034349165e-02
0.93493 1.221434977923503e-02
0.94915 1.259065454820635e-02
0.96336 1.294324983185190e-02
0.97758 1.327335076962716e-02
0.99179 1.358411994798308e-02
1.00601 1.387666767204281e-02
1.02022 1.415112950761044e-02
1.03443 1.440962953705433e-02
1.04865 1.465777103567996e-02
1.06286 1.490337124480647e-02
1.07708 1.515349363337830e-02
1.09129 1.541180896412290e-02
1.10551 1.567771433695672e-02
1.11972 1.594734531778621e-02
1.13393 1.621565048688492e-02
1.14815 1.647847669031753e-02
1.16236 1.673378309401406e-02
1.17658 1.698185786191457e-02
1.19079 1.722465150896478e-02
1.20501 1.746468639788576e-02
1.21922 1.770400136651953e-02
1.23343 1.794347033604896e-02
1.24765 1.818264011124915e-02
1.26186 1.842004105051938e-02
1.27608 1.865379012245846e-02
1.29029 1.888225501925773e-02
1.30450 1.910457603873428e-02
1.31872 1.932092270533119e-02
1.33293 1.953245898908384e-02
1.34715 1.974107319842180e-02
1.36136 1.994897751263662e-02
1.37558 2.015829327365813e-02
1.38979 2.037071816566645e-02
1.40400 2.058733283095088e-02
1.41822 2.080856107962014e-02
1.43243 2.103426115355595e-02
1.44665 2.126390269024676e-02
1.46086 2.149677727966412e-02
1.47508 2.173219747328477e-02
1.48929 2.196965435803419e-02
1.50350 2.220892084555681e-02
1.51772 2.245010113058479e-02
1.53193 2.269363334272770e-02
1.54615 2.294025236621002e-02
1.56036 2.319091588914186e-02
1.57457 2.344669307067863e-02
1.58879 2.370861556827028e-02
1.60300 2.397749704279424e-02
1.61722 2.425373901526655e-02
1.63143 2.453715483867991e-02
1.64565 2.482685461832219e-02
1.65986 2.512123702388821e-02
1.67407 2.541812548637057e-02
1.68829 2.571506561285974e-02
1.70250 2.600977069218586e-02
1.71672 2.630066885170636e-02
1.73093 2.658747608434173e-02
1.74515 2.687170027901579e-02
1.75936 2.715697548763440e-02
1.77357 2.744913160454135e-02
1.78779 2.775591861586903e-02
1.80200 2.808632511408394e-02
1.81622 2.844946388438646e-02
1.83043 2.885305657672763e-02
1.84464 2.930164631747442e-02
1.85886 2.979479565451367e-02
1.87307 3.032565303610189e-02
1.88729 3.088033169548636e-02
1.90150 3.143846811508669e-02
1.91572 3.197508802699713e-02
1.92993 3.246361831076635e-02
1.94414 3.287980050224971e-02
1.95836 3.320657482473542e-02
1.97257 3.344033248950429e-02
1.98679 3.359780259324035e-02
2.00100 3.371838180176406e-02
2.01522 3.384573417361909e-02
2.02943 3.396646209607428e-02
2.04364 3.396598318822183e-02
2.05786 3.375356787378832e-02
2.07207 3.342050756706585e-02
2.08629 3.311965341212516e-02
2.10050 3.287623666990327e-02
2.11471 3.262568768678224e-02
2.12893 3.232810182376070e-02
2.14314 3.199615425104254e-02
2.15736 3.166372520039491e-02
2.17157 3.135681399275673e-02
2.18579 3.108889028184469e-02
2.20000 3.086988223410030e-02
