-12.00000 1.654610170484580e-39
-11.98579 9.514694108091269e-39
-11.97157 5.440900823274614e-38
-11.95736 3.093717683069431e-37
-11.94314 1.749073945736707e-36
-11.92893 9.832480175354896e-36
-11.91471 5.496400365453818e-35
-11.90050 3.055659762849592e-34
-11.88629 1.689681783483172e-33
-11.87207 9.294851412916555e-33
-11.85786 5.087153912429120e-32
-11.84364 2.770404574948375e-31
-11.82943 1.501288399451218e-30
-11.81522 8.095147787625135e-30
-11.80100 4.342913419734433e-29
-11.78679 2.317722412778428e-28
-11.77257 1.230193883237356e-27
-11.75836 6.492571522913437e-27
-11.74414 3.406382056782550e-26
-11.72993 1.776310198680311e-25
-11.71572 9.205034143173726e-25
-11.70150 4.739777700957226e-24
-11.68729 2.424717907499975e-23
-11.67307 1.232145321716240e-22
-11.65886 6.218020683164239e-22
-11.64464 3.115159679613697e-21
-11.63043 1.548655037090731e-20
-11.61622 7.635870215846252e-20
-11.60200 3.732237436777895e-19
-11.58779 1.807468527884157e-18
-11.57357 8.668598220227772e-18
-11.55936 4.114966262749879e-17
-11.54515 1.932053014206602e-16
-11.53093 8.963619056026149e-16
-11.51672 4.103593615227377e-15
-11.50250 1.850404420074624e-14
-11.48829 8.200188320906274e-14
-11.47407 3.563103359336303e-13
-11.45986 1.515201986537482e-12
-11.44565 6.300493895612104e-12
-11.43143 2.561904370871494e-11
-11.41722 1.018336371896273e-10
-11.40300 3.946696591894868e-10
-11.38879 1.483224015706414e-09
-11.37457 5.355197513448699e-09
-11.36036 1.821283700886986e-08
-11.34615 5.626026405970048e-08
-11.33193 1.513329574127523e-07
-11.31772 3.458005316778353e-07
-11.30350 6.752460176678235e-07
-11.28929 1.161258135192616e-06
-11.27508 1.819982517679068e-06
-11.26086 2.659971503250799e-06
-11.24665 3.676155467524739e-06
-11.23243 4.863948227519401e-06
-11.21822 6.232587513308167e-06
-11.20400 7.795935248994400e-06
-11.18979 9.557605242158027e-06
-11.17558 1.151066910319903e-05
-11.16136 1.364904688055865e-05
-11.14715 1.597602699517400e-05
-11.13293 1.850233940862091e-05
-11.11872 2.123777701480520e-05
-11.10450 2.418437049644249e-05
-11.09029 2.733540103106058e-05
-11.07608 3.067939239993932e-05
-11.06186 3.420578564104395e-05
-11.04765 3.790925686579312e-05
-11.03343 4.179104494351700e-05
-11.01922 4.585715142245856e-05
-11.00501 5.011447861767709e-05
-10.99079 5.456669066832096e-05
-10.97658 5.921160843811493e-05
-10.96236 6.404122967640877e-05
-10.94815 6.904428815306518e-05
-10.93393 7.421017445993757e-05
-10.91972 7.953253549386085e-05
-10.90551 8.501112636829016e-05
-10.89129 9.065130673887326e-05
-10.87708 9.646153299603946e-05
-10.86286 1.024498935703337e-04
-10.84865 1.086209472806151e-04
-10.83443 1.149738648867810e-04
-10.82022 1.215023215432765e-04
-10.80601 1.281959834571211e-04
-10.79179 1.350429784573550e-04
-10.77758 1.420325447744036e-04
-10.76336 1.491571183155386e-04
-10.74915 1.564133725115704e-04
-10.73493 1.638020591640366e-04
-10.72072 1.713268126114782e-04
-10.70651 1.789923031065073e-04
-10.69229 1.868022275186094e-04
-10.67808 1.947576087950262e-04
-10.66386 2.028557646500762e-04
-10.64965 2.110901362290372e-04
-10.63544 2.194509771293243e-04
-10.62122 2.279267277486600e-04
-10.60701 2.365057691706833e-04
-10.59279 2.451781856204167e-04
-10.57858 2.539371743162147e-04
-10.56436 2.627798222480912e-04
-10.55015 2.717071035931064e-04
-10.53594 2.807231112223164e-04
-10.52172 2.898336882009157e-04
-10.50751 2.990447395562187e-04
-10.49329 3.083605589060220e-04
-10.47908 3.177824902326970e-04
-10.46486 3.273081683360598e-04
-10.45065 3.369314610875632e-04
-10.43644 3.466430990547187e-04
-10.42222 3.564318513935502e-04
-10.40801 3.662860146890677e-04
-10.39379 3.761949383915005e-04
-10.37958 3.861503205241373e-04
-10.36537 3.961470639050904e-04
-10.35115 4.061835718022995e-04
-10.33694 4.162614640912987e-04
-10.32272 4.263847917319000e-04
-10.30851 4.365589030244071e-04
-10.29429 4.467891594323991e-04
-10.28008 4.570797079926925e-04
-10.26587 4.674324938191664e-04
-10.25165 4.778466471121861e-04
-10.23744 4.883183145307366e-04
-10.22322 4.988409358460034e-04
-10.20901 5.094059037212581e-04
-10.19479 5.200034953496863e-04
-10.18058 5.306239347063457e-04
-10.16637 5.412584353662582e-04
-10.15215 5.519000853213046e-04
-10.13794 5.625444637198450e-04
-10.12372 5.731899199995934e-04
-10.10951 5.838374926097350e-04
-10.09530 5.944904913589043e-04
-10.08108 6.051538087808776e-04
-10.06687 6.158330571816982e-04
-10.05265 6.265336460312849e-04
-10.03844 6.372599175656057e-04
-10.02422 6.480144471077767e-04
-10.01001 6.587975906096872e-04
-9.99580 6.696073285927815e-04
-9.98158 6.804394173676538e-04
-9.96737 6.912878199562547e-04
-9.95315 7.021453552375054e-04
-9.93894 7.130044785144264e-04
-9.92472 7.238580928194076e-04
-9.91051 7.347002891969592e-04
-9.89630 7.455269256634964e-04
-9.88208 7.563359767250325e-04
-9.86787 7.671276151502712e-04
-9.85365 7.779040212280208e-04
-9.83944 7.886689477555728e-04
-9.82523 7.994270975162609e-04
-9.81101 8.101833907417400e-04
-9.79680 8.209422108454086e-04
-9.78258 8.317067166931467e-04
-9.76837 8.424782993252178e-04
-9.75415 8.532562420462090e-04
-9.73994 8.640376177787676e-04
-9.72573 8.748174297130128e-04
-9.71151 8.855889739043084e-04
-9.69730 8.963443786489507e-04
-9.68308 9.070752576739991e-04
-9.66887 9.177734040472424e-04
-9.65465 9.284314499146124e-04
-9.64044 9.390434234112714e-04
-9.62623 9.496051472272502e-04
-9.61201 9.601144415558678e-04
-9.59780 9.705711153509573e-04
-9.58358 9.809767517038701e-04
-9.56937 9.913343136106480e-04
-9.55516 1.001647613656847e-03
-9.54094 1.011920703852799e-03
-9.52673 1.022157249073981e-03
-9.51251 1.032359948709613e-03
-9.49830 1.042530065879063e-03
-9.48408 1.052667111947765e-03
-9.46987 1.062768716676721e-03
-9.45566 1.072830692900168e-03
-9.44144 1.082847282469837e-03
-9.42723 1.092811552148080e-03
-9.41301 1.102715899061505e-03
-9.39880 1.112552627183205e-03
-9.38458 1.122314564658699e-03
-9.37037 1.131995695261016e-03
-9.35616 1.141591764767389e-03
-9.34194 1.151100803146093e-03
-9.32773 1.160523533545793e-03
-9.31351 1.169863826057799e-03
-9.29930 1.179129688921822e-03
-9.28509 1.188335210154881e-03
-9.27087 1.197502270788539e-03
-9.25666 1.206658332631889e-03
-9.24244 1.215827991504581e-03
-9.22823 1.225023973114031e-03
-9.21401 1.234245788929211e-03
-9.19980 1.243479017382072e-03
-9.18559 1.252680315558393e-03
-9.17137 1.261765021613129e-03
-9.15716 1.270638273451027e-03
-9.14294 1.279258060349531e-03
-9.12873 1.287656305679521e-03
-9.11451 1.295887867074541e-03
-9.10030 1.303969743776758e-03
-9.08609 1.311873732631441e-03
-9.07187 1.319561453963131e-03
-9.05766 1.327014979846170e-03
-9.04344 1.334241763016597e-03
-9.02923 1.341262885415205e-03
-9.01502 1.348099673909463e-03
-9.00080 1.354766606735433e-03
-8.98659 1.361271430035530e-03
-8.97237 1.367619529702770e-03
-8.95816 1.373818364815460e-03
-8.94394 1.379878763703701e-03
-8.92973 1.385812289882753e-03
-8.91552 1.391626306042382e-03
-8.90130 1.397319575668905e-03
-8.88709 1.402880832071823e-03
-8.87287 1.408291179834233e-03
-8.85866 1.413529409176583e-03
-8.84444 1.418578149214030e-03
-8.83023 1.423428646293102e-03
-8.81602 1.428082691272569e-03
-8.80180 1.432551376690744e-03
-8.78759 1.436851440299824e-03
-8.77337 1.441000601262191e-03
-8.75916 1.445013399804276e-03
-8.74494 1.448898682993904e-03
-8.73073 1.452659228474306e-03
-8.71652 1.456293294270695e-03
-8.70230 1.459797332049940e-03
-8.68809 1.463168839045155e-03
-8.67387 1.466408390274073e-03
-8.65966 1.469520232160490e-03
-8.64545 1.472511305490123e-03
-8.63123 1.475389046723398e-03
-8.61702 1.478158657995223e-03
-8.60280 1.480820657957219e-03
-8.58859 1.483369417538840e-03
-8.57437 1.485793098721889e-03
-8.56016 1.488075042083661e-03
-8.54595 1.490196291795312e-03
-8.53173 1.492138689876567e-03
-8.51752 1.493887865181840e-03
-8.50330 1.495435496226595e-03
-8.48909 1.496780412952737e-03
-8.47487 1.497928367585233e-03
-8.46066 1.498890584697156e-03
-8.44645 1.499681435217401e-03
-8.43223 1.500315723889083e-03
-8.41802 1.500806113109082e-03
-8.40380 1.501161131503783e-03
-8.38959 1.501384058063063e-03
-8.37538 1.501472771810166e-03
-8.36116 1.501420457816256e-03
-8.34695 1.501216903724506e-03
-8.33273 1.500850035685576e-03
-8.31852 1.500307340727028e-03
-8.30430 1.499576898048521e-03
-8.29009 1.498647872889570e-03
-8.27588 1.497510481418614e-03
-8.26166 1.496155578011125e-03
-8.24745 1.494574115421020e-03
-8.23323 1.492756761495494e-03
-8.21902 1.490693914730671e-03
-8.20480 1.488376251715674e-03
-8.19059 1.485795782817024e-03
-8.17638 1.482947219037472e-03
-8.16216 1.479829298624241e-03
-8.14795 1.476445621542392e-03
-8.13373 1.472804521406043e-03
-8.11952 1.468917584210345e-03
-8.10531 1.464796602602186e-03
-8.09109 1.460449018611640e-03
-8.07688 1.455872226392630e-03
-8.06266 1.451047436067910e-03
-8.04845 1.445934086709166e-03
-8.03423 1.440465980631436e-03
-8.02002 1.434550329380446e-03
-8.00581 1.428070693456639e-03
-7.99159 1.420894315755251e-03
-7.97738 1.412883579089218e-03
-7.96316 1.403910311042761e-03
-7.94895 1.393870563811801e-03
-7.93473 1.382696584073921e-03
-7.92052 1.370362339200228e-03
-7.90631 1.356879600093446e-03
-7.89209 1.342283521063177e-03
-7.87788 1.326609961452179e-03
-7.86366 1.309871085042748e-03
-7.84945 1.292040079613943e-03
-7.83524 1.273058420336591e-03
-7.82102 1.252877334458080e-03
-7.80681 1.231535891416546e-03
-7.79259 1.209259593971114e-03
-7.77838 1.186538581950569e-03
-7.76416 1.164125572542528e-03
-7.74995 1.142900741587359e-03
-7.73574 1.123602556987698e-03
-7.72152 1.106520151913150e-03
-7.70731 1.091352232674331e-03
-7.69309 1.077489912660998e-03
-7.67888 1.064858725433903e-03
-7.66466 1.055013607068882e-03
-7.65045 1.051454483618120e-03
-7.63624 1.057767096015456e-03
-7.62202 1.073527246888581e-03
-7.60781 1.092215774401476e-03
-7.59359 1.111345473298964e-03
-7.57938 1.150093062048759e-03
-7.56517 1.210086560866374e-03
-7.55095 1.198072187055155e-03
-7.53674 1.045979678973472e-03
-7.52252 8.642037041883705e-04
-7.50831 7.727774950011267e-04
-7.49409 7.679652484862610e-04
-7.47988 8.033347213279285e-04
-7.46567 8.462044551207507e-04
-7.45145 8.780850454060988e-04
-7.43724 8.938963755788354e-04
-7.42302 9.001919644541668e-04
-7.40881 9.069999605057970e-04
-7.39459 9.196123101001924e-04
-7.38038 9.368275510560057e-04
-7.36617 9.547546328257181e-04
-7.35195 9.709874839392744e-04
-7.33774 9.858938916015474e-04
-7.32352 1.001437550795132e-03
-7.30931 1.019444412004232e-03
-7.29510 1.040612346611475e-03
-7.28088 1.064492592273845e-03
-7.26667 1.090053935302706e-03
-7.25245 1.116329238428302e-03
-7.23824 1.142813769491812e-03
-7.22402 1.169526420325465e-03
-7.20981 1.196824946650867e-03
-7.19560 1.225135125940150e-03
-7.18138 1.254729565072258e-03
-7.16717 1.285624013654469e-03
-7.15295 1.317592169913352e-03
-7.13874 1.350258013370006e-03
-7.12452 1.383211875901492e-03
-7.11031 1.416105553358255e-03
-7.09610 1.448701858289392e-03
-7.08188 1.480875296432116e-03
-7.06767 1.512576457797723e-03
-7.05345 1.543780436004753e-03
-7.03924 1.574439466764948e-03
-7.02503 1.604454325718015e-03
-7.01081 1.633670865445060e-03
-6.99660 1.661900114694701e-03
-6.98238 1.688954457738024e-03
-6.96817 1.714689402928279e-03
-6.95395 1.739040325118478e-03
-6.93974 1.762045737078201e-03
-6.92553 1.783852237167852e-03
-6.91131 1.804700378688144e-03
-6.89710 1.824894514453145e-03
-6.88288 1.844762594393182e-03
-6.86867 1.864613564970568e-03
-6.85445 1.884700281205129e-03
-6.84024 1.905194735191931e-03
-6.82603 1.926180151412019e-03
-6.81181 1.947661485090738e-03
-6.79760 1.969592586410293e-03
-6.78338 1.991915275147474e-03
-6.76917 2.014603198367470e-03
-6.75495 2.037701791632832e-03
-6.74074 2.061354960931730e-03
-6.72653 2.085809470284678e-03
-6.71231 2.111390454249152e-03
-6.69810 2.138448393637823e-03
-6.68388 2.167293449970401e-03
-6.66967 2.198161900060193e-03
-6.65546 2.231300799290734e-03
-6.64124 2.267290595393593e-03
-6.62703 2.307694516856757e-03
-6.61281 2.355946403666512e-03
-6.59860 2.418061812403679e-03
-6.58438 2.502726025451196e-03
-6.57017 2.622597540854889e-03
-6.55596 2.795837926571999e-03
-6.54174 2.997332614177107e-03
-6.52753 3.210167166173868e-03
-6.51331 3.479879607609848e-03
-6.49910 3.707882454574798e-03
-6.48488 3.909970768605026e-03
-6.47067 4.817033226405322e-03
-6.45646 3.450696936894876e-03
-6.44224 3.246878777560831e-03
-6.42803 3.046512240838542e-03
-6.41381 2.857024379936411e-03
-6.39960 2.696606883081246e-03
-6.38539 2.567673499676884e-03
-6.37117 2.463627353096583e-03
-6.35696 2.375963364030204e-03
-6.34274 2.298220721945801e-03
-6.32853 2.226818421338295e-03
-6.31431 2.160279432144574e-03
-6.30010 2.098156958962106e-03
-6.28589 2.040278289829450e-03
-6.27167 1.986398916959981e-03
-6.25746 1.936137817718193e-03
-6.24324 1.889038944809627e-03
-6.22903 1.844654364465160e-03
-6.21481 1.802601313613896e-03
-6.20060 1.762583586425492e-03
-6.18639 1.724385785593868e-03
-6.17217 1.687853616668603e-03
-6.15796 1.652871253631637e-03
-6.14374 1.619342450312498e-03
-6.12953 1.587178012910817e-03
-6.11532 1.556289478562794e-03
-6.10110 1.526587457024752e-03
-6.08689 1.497982754622379e-03
-6.07267 1.470388672524500e-03
-6.05846 1.443723382969835e-03
-6.04424 1.417911794526861e-03
-6.03003 1.392886702590545e-03
-6.01582 1.368589256009461e-03
-6.00160 1.344968877741360e-03
-5.98739 1.321982798803305e-03
-5.97317 1.299595341763076e-03
-5.95896 1.277777053356927e-03
-5.94474 1.256503753459207e-03
-5.93053 1.235755546647536e-03
-5.91632 1.215515832825255e-03
-5.90210 1.195770350985247e-03
-5.88789 1.176506290610481e-03
-5.87367 1.157711504674891e-03
-5.85946 1.139373854600125e-03
-5.84525 1.121480710312728e-03
-5.83103 1.104018618420883e-03
-5.81682 1.086973139862131e-03
-5.80260 1.070328846725804e-03
-5.78839 1.054069457713648e-03
-5.77417 1.038178083871893e-03
-5.75996 1.022637551354076e-03
-5.74575 1.007430766173545e-03
-5.73153 9.925410869518270e-04
-5.71732 9.779526751021032e-04
-5.70310 9.636507971126527e-04
-5.68889 9.496220599756346e-04
-5.67467 9.358545677249713e-04
-5.66046 9.223379939502062e-04
-5.64625 9.090635715770701e-04
-5.63203 8.960240067878686e-04
-5.61782 8.832133284382878e-04
-5.60360 8.706266875567920e-04
-5.58939 8.582601234294273e-04
-5.57518 8.461103134038466e-04
-5.56096 8.341743229938873e-04
-5.54675 8.224493712929666e-04
-5.53253 8.109326243190699e-04
-5.51832 7.996210259530154e-04
-5.50410 7.885111728433745e-04
-5.48989 7.775992362796483e-04
-5.47568 7.668809308042521e-04
-5.46146 7.563515264360936e-04
-5.44725 7.460058989655192e-04
-5.43303 7.358386109571044e-04
-5.41882 7.258440149194370e-04
-5.40460 7.160163695786598e-04
-5.39039 7.063499602911783e-04
-5.37618 6.968392152805474e-04
-5.36196 6.874788104863701e-04
-5.34775 6.782637572528920e-04
-5.33353 6.691894687368199e-04
-5.31932 6.602518026526955e-04
-5.30511 6.514470796828891e-04
-5.29089 6.427720784554309e-04
-5.27668 6.342240093531891e-04
-5.26246 6.258004705014317e-04
-5.24825 6.174993900502169e-04
-5.23403 6.093189593092159e-04
-5.21982 6.012575614128870e-04
-5.20561 5.933137000193689e-04
-5.19139 5.854859321180434e-04
-5.17718 5.777728083902882e-04
-5.16296 5.701728237938927e-04
-5.14875 5.626843801847160e-04
-5.13453 5.553057619087138e-04
-5.12032 5.480351244479258e-04
-5.10611 5.408704954323672e-04
-5.09189 5.338097866736198e-04
-5.07768 5.268508153621806e-04
-5.06346 5.199913322152487e-04
-5.04925 5.132290541697093e-04
-5.03504 5.065616991816992e-04
-5.02082 4.999870208057610e-04
-5.00661 4.935028404626001e-04
-4.99239 4.871070756391286e-04
-4.97818 4.807977626688972e-04
-4.96396 4.745730731851335e-04
-4.94975 4.684313237929284e-04
-4.93554 4.623709789444690e-04
-4.92132 4.563906473979661e-04
-4.90711 4.504890729780334e-04
-4.89289 4.446651206189079e-04
-4.87868 4.389177588537775e-04
-4.86446 4.332460400107228e-04
-4.85025 4.276490793907295e-04
-4.83604 4.221260346426200e-04
-4.82182 4.166760864241478e-04
-4.80761 4.112984212611498e-04
-4.79339 4.059922173026201e-04
-4.77918 4.007566334346447e-04
-4.76496 3.955908019759091e-04
-4.75075 3.904938249464423e-04
-4.73654 3.854647736920723e-04
-4.72232 3.805026914700581e-04
-4.70811 3.756065984640570e-04
-4.69389 3.707754986036181e-04
-4.67968 3.660083875163924e-04
-4.66547 3.613042609391159e-04
-4.65125 3.566621229525339e-04
-4.63704 3.520809934801440e-04
-4.62282 3.475599145937661e-04
-4.60861 3.430979552923544e-04
-4.59439 3.386942145556899e-04
-4.58018 3.343478226134351e-04
-4.56597 3.300579405052313e-04
-4.55175 3.258237581334050e-04
-4.53754 3.216444911230427e-04
-4.52332 3.175193769045081e-04
-4.50911 3.134476705250916e-04
-4.49489 3.094286407896606e-04
-4.48068 3.054615674439922e-04
-4.46647 3.015457402811475e-04
-4.45225 2.976804613231659e-04
-4.43804 2.938650516914862e-04
-4.42382 2.900988655637134e-04
-4.40961 2.863813149348680e-04
-4.39540 2.827119110977412e-04
-4.38118 2.790903323708735e-04
-4.36697 2.755165334985237e-04
-4.35275 2.719909217107713e-04
-4.33854 2.685146399001719e-04
-4.32432 2.650900223866277e-04
-4.31011 2.617213292920912e-04
-4.29590 2.584159315334800e-04
-4.28168 2.551862262275009e-04
-4.26747 2.520527387230570e-04
-4.25325 2.490491563657492e-04
-4.23904 2.462305137757338e-04
-4.22482 2.436865437878357e-04
-4.21061 2.415636046171450e-04
-4.19640 2.401012552521357e-04
-4.18218 2.396950204955438e-04
-4.16797 2.410083136232322e-04
-4.15375 2.451787873143471e-04
-4.13954 2.542016591947105e-04
-4.12533 2.716206883211227e-04
-4.11111 3.036974811831254e-04
-4.09690 3.612395800508306e-04
-4.08268 4.622362694465684e-04
-4.06847 6.352500352007801e-04
-4.05425 9.232233537341395e-04
-4.04004 1.404890123999112e-03
-4.02583 2.322096895750211e-03
-4.01161 3.768068633423396e-03
-3.99740 4.813132680862284e-03
-3.98318 5.551079284948147e-03
-3.96897 6.541612320319824e-03
-3.95475 7.445893183027971e-03
-3.94054 8.119825703265249e-03
-3.92633 8.665113919792402e-03
-3.91211 9.213564325124860e-03
-3.89790 9.824356528349535e-03
-3.88368 1.048501330863329e-02
-3.86947 1.116517648649014e-02
-3.85526 1.185267078059860e-02
-3.84104 1.255605678881348e-02
-3.82683 1.329681800001734e-02
-3.81261 1.410649590200935e-02
-3.79840 1.501620397869298e-02
-3.78418 1.601425634914999e-02
-3.76997 1.698626107404818e-02
-3.75576 1.771662973329807e-02
-3.74154 1.800982733146853e-02
-3.72733 1.784675401015726e-02
-3.71311 1.740805972625493e-02
-3.69890 1.693084678266636e-02
-3.68468 1.655184292581797e-02
-3.67047 1.627494523617330e-02
-3.65626 1.604071073263973e-02
-3.64204 1.579778820027964e-02
-3.62783 1.552702548495586e-02
-3.61361 1.523273092309438e-02
-3.59940 1.492796892435836e-02
-3.58519 1.462551303910087e-02
-3.57097 1.433446945380801e-02
-3.55676 1.405993990439492e-02
-3.54254 1.380390627209238e-02
-3.52833 1.356641266804999e-02
-3.51411 1.334658527061498e-02
-3.49990 1.314329588725101e-02
-3.48569 1.295546371549793e-02
-3.47147 1.278210384133379e-02
-3.45726 1.262226268486751e-02
-3.44304 1.247495028327211e-02
-3.42883 1.233912408641071e-02
-3.41461 1.221373024367020e-02
-3.40040 1.209778052418105e-02
-3.38619 1.199043531860366e-02
-3.37197 1.189106793100448e-02
-3.35776 1.179929489190939e-02
-3.34354 1.171496662409364e-02
-3.32933 1.163812065147921e-02
-3.31512 1.156890536678290e-02
-3.30090 1.150748627767055e-02
-3.28669 1.145394868069857e-02
-3.27247 1.140821085284772e-02
-3.25826 1.136996017857371e-02
-3.24404 1.133862140446409e-02
-3.22983 1.131336186083120e-02
-3.21562 1.129313353923925e-02
-3.20140 1.127674693933027e-02
-3.18719 1.126296718170036e-02
-3.17297 1.125061960190382e-02
-3.15876 1.123869041830176e-02
-3.14454 1.122640849112190e-02
-3.13033 1.121329679640885e-02
-3.11612 1.119918679983321e-02
-3.10190 1.118419479506627e-02
-3.08769 1.116866547617659e-02
-3.07347 1.115309335941356e-02
-3.05926 1.113803603614660e-02
-3.04505 1.112403384823352e-02
-3.03083 1.111154822420892e-02
-3.01662 1.110092607117162e-02
-3.00240 1.109239137126001e-02
-2.98819 1.108605896103409e-02
-2.97397 1.108196089797724e-02
-2.95976 1.108007401884639e-02
-2.94555 1.108033877533392e-02
-2.93133 1.108266384169181e-02
-2.91712 1.108691713850240e-02
-2.90290 1.109291002789386e-02
-2.88869 1.110038557790370e-02
-2.87447 1.110902243544204e-02
-2.86026 1.111846238409339e-02
-2.84605 1.112836275489643e-02
-2.83183 1.113846638416457e-02
-2.81762 1.114867430432382e-02
-2.80340 1.115910197724634e-02
-2.78919 1.117009942837283e-02
-2.77497 1.118221841635776e-02
-2.76076 1.119611505361741e-02
-2.74655 1.121238570954507e-02
-2.73233 1.123135207429442e-02
-2.71812 1.125284069432456e-02
-2.70390 1.127603533416810e-02
-2.68969 1.129949449770053e-02
-2.67548 1.132139670518490e-02
-2.66126 1.134001856135201e-02
-2.64705 1.135454696666567e-02
-2.63283 1.136694376805975e-02
-2.61862 1.138390359977790e-02
-2.60440 1.140886998432390e-02
-2.59019 1.143182743734024e-02
-2.57598 1.144906038114350e-02
-2.56176 1.146753499959101e-02
-2.54755 1.148601735823558e-02
-2.53333 1.150115754309339e-02
-2.51912 1.151274618679160e-02
-2.50490 1.152166219574135e-02
-2.49069 1.152924979222839e-02
-2.47648 1.153657968680825e-02
-2.46226 1.154367644499465e-02
-2.44805 1.154959566283772e-02
-2.43383 1.155312404294071e-02
-2.41962 1.155360709010393e-02
-2.40541 1.155139327122155e-02
-2.39119 1.154756718184116e-02
-2.37698 1.154317937054203e-02
-2.36276 1.153856087304674e-02
-2.34855 1.153317895420487e-02
-2.33433 1.152605702307232e-02
-2.32012 1.151642891712430e-02
-2.30591 1.150421789378142e-02
-2.29169 1.149009263455637e-02
-2.27748 1.147511262917579e-02
-2.26326 1.146018198345154e-02
-2.24905 1.144559416221457e-02
-2.23483 1.143086933328663e-02
-2.22062 1.141492849866705e-02
-2.20641 1.139650145028972e-02
-2.19219 1.137458895551629e-02
-2.17798 1.134880754619307e-02
-2.16376 1.131951416097099e-02
-2.14955 1.128769793719950e-02
-2.13534 1.125470196088062e-02
-2.12112 1.122187801566275e-02
-2.10691 1.119027834281969e-02
-2.09269 1.116045900907766e-02
-2.07848 1.113242521870841e-02
-2.06426 1.110570584626705e-02
-2.05005 1.107951446227762e-02
-2.03584 1.105294243839886e-02
-2.02162 1.102513508242572e-02
-2.00741 1.099541834724911e-02
-1.99319 1.096336396457941e-02
-1.97898 1.092879829440544e-02
-1.96476 1.089177078753887e-02
-1.95055 1.085250085016114e-02
-1.93634 1.081131873368622e-02
-1.92212 1.076860989025936e-02
-1.90791 1.072476616196430e-02
-1.89369 1.068014339991167e-02
-1.87948 1.063502438144786e-02
-1.86527 1.058958757605429e-02
-1.85105 1.054388490597668e-02
-1.83684 1.049783350243964e-02
-1.82262 1.045122639077986e-02
-1.80841 1.040376469692244e-02
-1.79419 1.035510985882688e-02
-1.77998 1.030494956471122e-02
-1.76577 1.025306705942271e-02
-1.75155 1.019940122221896e-02
-1.73734 1.014408511863044e-02
-1.72312 1.008745365459193e-02
-1.70891 1.003001600879482e-02
-1.69469 9.972394733007610e-03
-1.68048 9.915239601214451e-03
-1.66627 9.859129282643623e-03
-1.65205 9.804476775186888e-03
-1.63784 9.751454726168755e-03
-1.62362 9.699954217400653e-03
-1.60941 9.649585679674921e-03
-1.59520 9.599724062380091e-03
-1.58098 9.549593175156678e-03
-1.56677 9.498377291832104e-03
-1.55255 9.445342700136647e-03
-1.53834 9.389948836483484e-03
-1.52412 9.331928726093062e-03
-1.50991 9.271322112208338e-03
-1.49570 9.208451874643567e-03
-1.48148 9.143844398579558e-03
-1.46727 9.078105977693148e-03
-1.45305 9.011778001479863e-03
-1.43884 8.945201232480757e-03
-1.42462 8.878421875386655e-03
-1.41041 8.811167992246365e-03
-1.39620 8.742913375641244e-03
-1.38198 8.673026964631927e-03
-1.36777 8.600980008251765e-03
-1.35355 8.526554348365004e-03
-1.33934 8.449973507933013e-03
-1.32513 8.371880600271558e-03
-1.31091 8.293130859613286e-03
-1.29670 8.214456281832740e-03
-1.28248 8.136170698687963e-03
-1.26827 8.058146439715542e-03
-1.25405 7.980189842588017e-03
-1.23984 7.902573972680378e-03
-1.22563 7.826029673754887e-03
-1.21141 7.750628571927234e-03
-1.19720 7.674205069650608e-03
-1.18298 7.591915625661067e-03
-1.16877 7.496982776906578e-03
-1.15455 7.381506166263006e-03
-1.14034 7.242429054040047e-03
-1.12613 7.098077034852335e-03
-1.11191 6.978907667664025e-03
-1.09770 6.733867676460030e-03
-1.08348 6.346480152686818e-03
-1.06927 6.016377957550541e-03
-1.05506 5.729643625665495e-03
-1.04084 5.462649145887705e-03
-1.02663 5.222912593919571e-03
-1.01241 5.015916180529923e-03
-0.99820 4.832525646136399e-03
-0.98398 4.658708822140607e-03
-0.96977 4.485956254365796e-03
-0.95556 4.314367753515465e-03
-0.94134 4.148927542360127e-03
-0.92713 3.993992440914095e-03
-0.91291 3.850276920036293e-03
-0.89870 3.715285535131965e-03
-0.88448 3.585622428260264e-03
-0.87027 3.459046987870532e-03
-0.85606 3.335142602432790e-03
-0.84184 3.214755417522927e-03
-0.82763 3.098979227634519e-03
-0.81341 2.988364363558232e-03
-0.79920 2.882636498245123e-03
-0.78498 2.780872714383839e-03
-0.77077 2.681920668458264e-03
-0.75656 2.584832685445486e-03
-0.74234 2.489147268742318e-03
-0.72813 2.394942832926847e-03
-0.71391 2.302690156964494e-03
-0.69970 2.213003322767647e-03
-0.68549 2.126399511624562e-03
-0.67127 2.043138448100799e-03
-0.65706 1.963167577424351e-03
-0.64284 1.886171322335520e-03
-0.62863 1.811698286099578e-03
-0.61441 1.739311736929459e-03
-0.60020 1.668698909690220e-03
-0.58599 1.599703661654403e-03
-0.57177 1.532295439218683e-03
-0.55756 1.466513835671502e-03
-0.54334 1.402417591998804e-03
-0.52913 1.340045507092807e-03
-0.51491 1.279392403042781e-03
-0.50070 1.220410315982050e-03
-0.48649 1.163038002933783e-03
-0.47227 1.107237307876508e-03
-0.45806 1.053002231320193e-03
-0.44384 1.000330202187835e-03
-0.42963 9.491862110685410e-04
-0.41542 8.995009504178382e-04
-0.40120 8.512050476245773e-04
-0.38699 8.042557216038033e-04
-0.37277 7.586191332403893e-04
-0.35856 7.142310319405346e-04
-0.34434 6.710012366908517e-04
-0.33013 6.288938717337609e-04
-0.31592 5.880269442673731e-04
-0.30170 5.486833147483381e-04
-0.28749 5.111809528389041e-04
-0.27327 4.756725482938561e-04
-0.25906 4.420025450836252e-04
-0.24484 4.096869641105445e-04
-0.23063 3.780120462353121e-04
-0.21642 3.462792287551923e-04
-0.20220 3.142429974366808e-04
-0.18799 2.826013818767112e-04
-0.17377 2.530789519386971e-04
-0.15956 2.276156062687964e-04
-0.14535 2.068581516098075e-04
-0.13113 1.891841820316343e-04
-0.11692 1.714887485091298e-04
-0.10270 1.513112776820877e-04
-0.08849 1.284134529669079e-04
-0.07427 1.046786941283363e-04
-0.06006 8.358386179552179e-05
-0.04585 7.012928906419270e-05
-0.03163 6.332262099863916e-05
-0.01742 5.087239066125849e-05
-0.00320 3.280137506432415e-05
0.01101 2.030226373922730e-05
0.02523 1.405077595639066e-05
0.03944 1.041027962041345e-05
0.05365 7.859712482735496e-06
0.06787 5.969919554398477e-06
0.08208 4.542580150161277e-06
0.09630 3.453464624235588e-06
0.11051 2.619726797833778e-06
0.12472 1.983319976605444e-06
0.13894 1.501512326977407e-06
0.15315 1.141701397601807e-06
0.16737 8.785966564885469e-07
0.18158 6.926310083998113e-07
0.19580 5.689997761842227e-07
0.21001 4.970401868229025e-07
0.22422 4.698379328591122e-07
0.23844 4.840375155482217e-07
0.25265 5.398780641434454e-07
0.26687 6.415015393147423e-07
0.28108 7.976006486636301e-07
0.29530 1.022497094725479e-06
0.30951 1.337770911641489e-06
0.32372 1.774601919661380e-06
0.33794 2.377039763386428e-06
0.35215 3.206498855188298e-06
0.36637 4.347895448847150e-06
0.38058 5.918033619680366e-06
0.39479 8.077145982031025e-06
0.40901 1.104495413703114e-05
0.42322 1.512327586477516e-05
0.43744 2.072806249570921e-05
0.45165 2.843466154130478e-05
0.46587 3.904068387160815e-05
0.48008 5.365037681065950e-05
0.49429 7.378178211006031e-05
0.50851 1.014921677513126e-04
0.52272 1.395090305698056e-04
0.53694 1.913516095015156e-04
0.55115 2.614595592493373e-04
0.56537 3.554626664432813e-04
0.57958 4.809281785353810e-04
0.59379 6.490535011469753e-04
0.60801 8.780111712286635e-04
0.62222 1.198910600982761e-03
0.63644 1.654962899951004e-03
0.65065 3.357926196042183e-03
0.66486 3.324726493389852e-03
0.67908 3.363661587213904e-03
0.69329 3.670807694357691e-03
0.70751 3.966708724462172e-03
0.72172 4.383756819090221e-03
0.73594 4.924885723520206e-03
0.75015 5.541217889182088e-03
0.76436 6.201156623537489e-03
0.77858 6.899869656928862e-03
0.79279 7.632804734929031e-03
0.80701 8.363842554703032e-03
0.82122 9.033059676618193e-03
0.83544 9.599751721043385e-03
0.84965 1.006027981141933e-02
0.86386 1.043252816506411e-02
0.87808 1.075162361866647e-02
0.89229 1.106805654760445e-02
0.90651 1.141892701953532e-02
0.92072 1.180332612304580e-02
0.93493 1.219514838218844e-02
0.94915 1.257141891230486e-02
0.96336 1.292449336820519e-02
0.97758 1.325673618287170e-02
0.99179 1.357157401897619e-02
1.00601 1.386955473724921e-02
1.02022 1.414986068933426e-02
1.03443 1.441376265920537e-02
1.04865 1.466641218988443e-02
1.06286 1.491560053871768e-02
1.07708 1.516860792363816e-02
1.09129 1.542933326237080e-02
1.10551 1.569727305611068e-02
1.11972 1.596853543068440e-02
1.13393 1.623800677614708e-02
1.14815 1.650150700564274e-02
1.16236 1.675706354299493e-02
1.17658 1.700509001441777e-02
1.19079 1.724767067111372e-02
1.20501 1.748742997197151e-02
1.21922 1.772646606493476e-02
1.23343 1.796568256412570e-02
1.24765 1.820464714888468e-02
1.26186 1.844191529360171e-02
1.27608 1.867563227646482e-02
1.29029 1.890418521046213e-02
1.30450 1.912671016520599e-02
1.31872 1.934333974758478e-02
1.33293 1.955516975177118e-02
1.34715 1.976400092533467e-02
1.36136 1.997195694585942e-02
1.37558 2.018108899516077e-02
1.38979 2.039305757217643e-02
1.40400 2.060894545661698e-02
1.41822 2.082921497899541e-02
1.43243 2.105378859886069e-02
1.44665 2.128221072954626e-02
1.46086 2.151384258796522e-02
1.47508 2.174804828292733e-02
1.48929 2.198434433193258e-02
1.50350 2.222250035956434e-02
1.51772 2.246259086351029e-02
1.53193 2.270500391484858e-02
1.54615 2.295041258523802e-02
1.56036 2.319971127430922e-02
1.57457 2.345391570974182e-02
1.58879 2.371402572628819e-02
1.60300 2.398085590505481e-02
1.61722 2.425485026485704e-02
1.63143 2.453591051615784e-02
1.64565 2.482327835550393e-02
1.65986 2.511551607329909e-02
1.67407 2.541062285680610e-02
1.68829 2.570630569448950e-02
1.70250 2.600039605393217e-02
1.71672 2.629137169537758e-02
1.73093 2.657891374826136e-02
1.74515 2.686440854756738e-02
1.75936 2.715129501716157e-02
1.77357 2.744516123401533e-02
1.78779 2.775350552672003e-02
1.80200 2.808509706109438e-02
1.81622 2.844890362735178e-02
1.83043 2.885261226845256e-02
1.84464 2.930086254215811e-02
1.85886 2.979343902491436e-02
1.87307 3.032379872868681e-02
1.88729 3.087837899819859e-02
1.90150 3.143706553671165e-02
1.91572 3.197496930390687e-02
1.92993 3.246537921339497e-02
1.94414 3.288367990287316e-02
1.95836 3.321232666466323e-02
1.97257 3.344728822753730e-02
1.98679 3.360520382025128e-02
2.00100 3.372556040760551e-02
2.01522 3.385096018728827e-02
2.02943 3.396661561812348e-02
2.04364 3.396147546362200e-02
2.05786 3.374908333937424e-02
2.07207 3.341694852358034e-02
2.08629 3.311474427100039e-02
2.10050 3.286984275364594e-02
2.11471 3.261826035751709e-02
2.12893 3.231905169559284e-02
2.14314 3.198487710027272e-02
2.15736 3.165022860301388e-02
2.17157 3.134147510108697e-02
2.18579 3.107194761330856e-02
2.20000 3.085100446246949e-02
