-12.00000 3.842955037482678e-39
-11.98579 2.302594197236416e-38
-11.97157 1.373458563312782e-37
-11.95736 8.152469359863182e-37
-11.94314 4.814020438888245e-36
-11.92893 2.827421234123566e-35
-11.91471 1.651617179712348e-34
-11.90050 9.596001173890700e-34
-11.88629 5.546326295914602e-33
-11.87207 3.189773326952484e-32
-11.85786 1.825877081598191e-31
-11.84364 1.040512336103647e-30
-11.82943 5.904142222861115e-30
-11.81522 3.335886792506663e-29
-11.80100 1.876500528048876e-28
-11.78679 1.050584636729663e-27
-11.77257 5.851324386340729e-27
-11.75836 3.240171280969179e-26
-11.74414 1.782801708613704e-25
-11.72993 9.740868435942449e-25
-11.71572 5.282249545462744e-24
-11.70150 2.841666226150091e-23
-11.68729 1.516015812873300e-22
-11.67307 8.018240509844433e-22
-11.65886 4.203141455829718e-21
-11.64464 2.183008556617802e-20
-11.63043 1.122998145328245e-19
-11.61622 5.720082670084274e-19
-11.60200 2.884117204781170e-18
-11.58779 1.439341595326483e-17
-11.57357 7.110500650027472e-17
-11.55936 3.478202561139607e-16
-11.54515 1.685351551568155e-15
-11.53093 8.090434520694301e-15
-11.51672 3.845861172762865e-14
-11.50250 1.807807390549472e-13
-11.48829 8.384948065140276e-13
-11.47407 3.828955388220570e-12
-11.45986 1.719658349411575e-11
-11.44565 7.602972396346198e-11
-11.43143 3.315664239161302e-10
-11.41722 1.426474057820990e-09
-11.40300 6.029115561414591e-09
-11.38879 2.489061744583907e-08
-11.37457 1.000219225778610e-07
-11.36036 3.843983586715192e-07
-11.34615 1.327361839025339e-06
-11.33193 3.770446717314145e-06
-11.31772 8.367955684693047e-06
-11.30350 1.480279803654829e-05
-11.28929 2.251037954038424e-05
-11.27508 3.162468784592972e-05
-11.26086 4.214557495075379e-05
-11.24665 5.349180961305386e-05
-11.23243 6.532561287292811e-05
-11.21822 7.789016679697677e-05
-11.20400 9.153847003405675e-05
-11.18979 1.063062270990709e-04
-11.17558 1.219371902610959e-04
-11.16136 1.381766247057381e-04
-11.14715 1.549945688315092e-04
-11.13293 1.725732495238264e-04
-11.11872 1.911311754282129e-04
-11.10450 2.107575351710663e-04
-11.09029 2.313682457422504e-04
-11.07608 2.527785949558866e-04
-11.06186 2.748187627405660e-04
-11.04765 2.974189707904439e-04
-11.03343 3.206291034111047e-04
-11.01922 3.445780945492256e-04
-11.00501 3.694031617667067e-04
-10.99079 3.951847864217508e-04
-10.97658 4.219140571234035e-04
-10.96236 4.495014440480471e-04
-10.94815 4.778181468488930e-04
-10.93393 5.067496444395329e-04
-10.91972 5.362393007894330e-04
-10.90551 5.663067941542277e-04
-10.89129 5.970374968737356e-04
-10.87708 6.285497183376272e-04
-10.86286 6.609532734053919e-04
-10.84865 6.943138220283003e-04
-10.83443 7.286336487980417e-04
-10.82022 7.638531063424706e-04
-10.80601 7.998702472964718e-04
-10.79179 8.365711917433967e-04
-10.77758 8.738616263303586e-04
-10.76336 9.116906368679719e-04
-10.74915 9.500611520303485e-04
-10.73493 9.890254560664100e-04
-10.72072 1.028668261427549e-03
-10.70651 1.069082718279993e-03
-10.69229 1.110345933952831e-03
-10.67808 1.152500040531968e-03
-10.66386 1.195542956135886e-03
-10.64965 1.239430355512672e-03
-10.63544 1.284087681703606e-03
-10.62122 1.329428881481633e-03
-10.60701 1.375377323875243e-03
-10.59279 1.421884211856128e-03
-10.57858 1.468940637386346e-03
-10.56436 1.516580990483059e-03
-10.55015 1.564877334811445e-03
-10.53594 1.613926200478662e-03
-10.52172 1.663830666586402e-03
-10.50751 1.714681372262436e-03
-10.49329 1.766540112629923e-03
-10.47908 1.819429002378704e-03
-10.46486 1.873327005211969e-03
-10.45065 1.928174191255676e-03
-10.43644 1.983882677499240e-03
-10.42222 2.040352078133388e-03
-10.40801 2.097486619152139e-03
-10.39379 2.155210935526167e-03
-10.37958 2.213481950613629e-03
-10.36537 2.272295031448775e-03
-10.35115 2.331683656213503e-03
-10.33694 2.391712931608381e-03
-10.32272 2.452468275364828e-03
-10.30851 2.514041285748643e-03
-10.29429 2.576515163727955e-03
-10.28008 2.639952006775083e-03
-10.26587 2.704383890690678e-03
-10.25165 2.769808983468915e-03
-10.23744 2.836193113026252e-03
-10.22322 2.903476371566342e-03
-10.20901 2.971583608668240e-03
-10.19479 3.040437142713027e-03
-10.18058 3.109969768245868e-03
-10.16637 3.180136174268863e-03
-10.15215 3.250921191971804e-03
-10.13794 3.322343801262909e-03
-10.12372 3.394456460457073e-03
-10.10951 3.467339988253650e-03
-10.09530 3.541094829705302e-03
-10.08108 3.615830000612652e-03
-10.06687 3.691651273471847e-03
-10.05265 3.768650217287289e-03
-10.03844 3.846895537764449e-03
-10.02422 3.926427815554964e-03
-10.01001 4.007258261887432e-03
-9.99580 4.089371570207194e-03
-9.98158 4.172732410887752e-03
-9.96737 4.257294660476367e-03
-9.95315 4.343012131418083e-03
-9.93894 4.429849408253515e-03
-9.92472 4.517791415420629e-03
-9.91051 4.606850531049896e-03
-9.89630 4.697070391328784e-03
-9.88208 4.788525956198262e-03
-9.86787 4.881319874800842e-03
-9.85365 4.975575640992970e-03
-9.83944 5.071428412253183e-03
-9.82523 5.169014636431813e-03
-9.81101 5.268461761518463e-03
-9.79680 5.369879282595134e-03
-9.78258 5.473352213689796e-03
-9.76837 5.578937782886107e-03
-9.75415 5.686665772510559e-03
-9.73994 5.796542507197243e-03
-9.72573 5.908558079811927e-03
-9.71151 6.022696046033610e-03
-9.69730 6.138944553794784e-03
-9.68308 6.257307733323926e-03
-9.66887 6.377816171166290e-03
-9.65465 6.500535422853206e-03
-9.64044 6.625571760918095e-03
-9.62623 6.753074670264287e-03
-9.61201 6.883235948582856e-03
-9.59780 7.016285610528870e-03
-9.58358 7.152485116485137e-03
-9.56937 7.292118760924255e-03
-9.55516 7.435484382827785e-03
-9.54094 7.582884892883517e-03
-9.52673 7.734622355822344e-03
-9.51251 7.890996308147697e-03
-9.49830 8.052307348711749e-03
-9.48408 8.218865663349879e-03
-9.46987 8.391002390429354e-03
-9.45566 8.569080842646992e-03
-9.44144 8.753506659493393e-03
-9.42723 8.944742773248051e-03
-9.41301 9.143345435213503e-03
-9.39880 9.350043815306412e-03
-9.38458 9.565872863362249e-03
-9.37037 9.792322410796129e-03
-9.35616 1.003139184587806e-02
-9.34194 1.028540470237222e-02
-9.32773 1.055660557114043e-02
-9.31351 1.084715278867977e-02
-9.29930 1.116097988070544e-02
-9.28509 1.150857534852614e-02
-9.27087 1.191125150991238e-02
-9.25666 1.239459590574327e-02
-9.24244 1.296452772963970e-02
-9.22823 1.358334579137129e-02
-9.21401 1.417919864054126e-02
-9.19980 1.468736424679675e-02
-9.18559 1.507217233662984e-02
-9.17137 1.530755964345314e-02
-9.15716 1.536874212104305e-02
-9.14294 1.526767391767201e-02
-9.12873 1.507582458429647e-02
-9.11451 1.488468628375922e-02
-9.10030 1.474695697877130e-02
-9.08609 1.466189452584389e-02
-9.07187 1.460291995988842e-02
-9.05766 1.454668017238359e-02
-9.04344 1.448284622278079e-02
-9.02923 1.441060002355750e-02
-9.01502 1.433249154578018e-02
-9.00080 1.425045425128852e-02
-8.98659 1.416454767478813e-02
-8.97237 1.407363380325963e-02
-8.95816 1.397683715574957e-02
-8.94394 1.387469935106655e-02
-8.92973 1.376939976602641e-02
-8.91552 1.366405022720528e-02
-8.90130 1.356154768492715e-02
-8.88709 1.346359345495763e-02
-8.87287 1.337029173114797e-02
-8.85866 1.328040003065916e-02
-8.84444 1.319201402188611e-02
-8.83023 1.310334305565014e-02
-8.81602 1.301327733174331e-02
-8.80180 1.292159489072407e-02
-8.78759 1.282881941039997e-02
-8.77337 1.273585473470925e-02
-8.75916 1.264356478559644e-02
-8.74494 1.255244596202917e-02
-8.73073 1.246247830746282e-02
-8.71652 1.237316982867861e-02
-8.70230 1.228374820139274e-02
-8.68809 1.219341935689753e-02
-8.67387 1.210160698769251e-02
-8.65966 1.200810637678083e-02
-8.64545 1.191312016558306e-02
-8.63123 1.181718079501185e-02
-8.61702 1.172099394648288e-02
-8.60280 1.162525291088372e-02
-8.58859 1.153047389047060e-02
-8.57437 1.143688961412030e-02
-8.56016 1.134441885663456e-02
-8.54595 1.125270873371886e-02
-8.53173 1.116123019394541e-02
-8.51752 1.106939804992125e-02
-8.50330 1.097668591233778e-02
-8.48909 1.088271223170873e-02
-8.47487 1.078728376172371e-02
-8.46066 1.069039415337127e-02
-8.44645 1.059218538758494e-02
-8.43223 1.049288646869371e-02
-8.41802 1.039274636468287e-02
-8.40380 1.029197672623271e-02
-8.38959 1.019071537099077e-02
-8.37538 1.008901528626182e-02
-8.36116 9.986857514851724e-03
-8.34695 9.884181091755902e-03
-8.33273 9.780920122344680e-03
-8.31852 9.677037524974020e-03
-8.30430 9.572546747177764e-03
-8.29009 9.467516300095588e-03
-8.27588 9.362056352311044e-03
-8.26166 9.256290907596169e-03
-8.24745 9.150322391593382e-03
-8.23323 9.044197176383252e-03
-8.21902 8.937880411431520e-03
-8.20480 8.831246604159276e-03
-8.19059 8.724089126775926e-03
-8.17638 8.616147871361519e-03
-8.16216 8.507150391375265e-03
-8.14795 8.396858786966071e-03
-8.13373 8.285112899314729e-03
-8.11952 8.171860423978794e-03
-8.10531 8.057166394262761e-03
-8.09109 7.941197886006843e-03
-8.07688 7.824184255672594e-03
-8.06266 7.706358051093386e-03
-8.04845 7.587886132140000e-03
-8.03423 7.468803705518914e-03
-8.02002 7.348965204393505e-03
-8.00581 7.228024702750018e-03
-7.99159 7.105454596206567e-03
-7.97738 6.980604742030740e-03
-7.96316 6.852795787328957e-03
-7.94895 6.721431326225524e-03
-7.93473 6.586105798081017e-03
-7.92052 6.446681163731004e-03
-7.90631 6.303307884909245e-03
-7.89209 6.156376284113436e-03
-7.87788 6.006402888644881e-03
-7.86366 5.853880154408624e-03
-7.84945 5.699141281976135e-03
-7.83524 5.542305985931761e-03
-7.82102 5.383367122654998e-03
-7.80681 5.222441203682490e-03
-7.79259 5.060133594176601e-03
-7.77838 4.897875033785176e-03
-7.76416 4.738012666868785e-03
-7.74995 4.583454118433102e-03
-7.73574 4.436826395359762e-03
-7.72152 4.299415087882718e-03
-7.70731 4.170478644345096e-03
-7.69309 4.047672004018513e-03
-7.67888 3.928979424714667e-03
-7.66466 3.815481380599950e-03
-7.65045 3.712628202012098e-03
-7.63624 3.626881010213774e-03
-7.62202 3.557309938833021e-03
-7.60781 3.490002970314349e-03
-7.59359 3.413379983363057e-03
-7.57938 3.348979864740001e-03
-7.56517 3.298825943949101e-03
-7.55095 3.131464904465215e-03
-7.53674 2.758457531996040e-03
-7.52252 2.356895255469979e-03
-7.50831 2.109874331452492e-03
-7.49409 2.010430332815325e-03
-7.47988 1.989053090580730e-03
-7.46567 1.998612247285128e-03
-7.45145 2.012848124551155e-03
-7.43724 2.022826466640227e-03
-7.42302 2.033958182249420e-03
-7.40881 2.056098333747568e-03
-7.39459 2.093824252854471e-03
-7.38038 2.144412466367015e-03
-7.36617 2.202404830298709e-03
-7.35195 2.264557514261121e-03
-7.33774 2.331226854662985e-03
-7.32352 2.404704237691304e-03
-7.30931 2.486910896469415e-03
-7.29510 2.578134963782946e-03
-7.28088 2.677105103900641e-03
-7.26667 2.781850313116010e-03
-7.25245 2.890633213988779e-03
-7.23824 3.002489854083138e-03
-7.22402 3.117265148061482e-03
-7.20981 3.235297254146712e-03
-7.19560 3.356999411188106e-03
-7.18138 3.482542269894397e-03
-7.16717 3.611729661301557e-03
-7.15295 3.744055498339515e-03
-7.13874 3.878866288719488e-03
-7.12452 4.015538627830249e-03
-7.11031 4.153601581454692e-03
-7.09610 4.292771386158376e-03
-7.08188 4.432903504915213e-03
-7.06767 4.573893583742251e-03
-7.05345 4.715569708309762e-03
-7.03924 4.857614618791701e-03
-7.02503 4.999542785769253e-03
-7.01081 5.140739288007171e-03
-6.99660 5.280550494443347e-03
-6.98238 5.418404268766185e-03
-6.96817 5.553931539672657e-03
-6.95395 5.687061720510272e-03
-6.93974 5.818070549583547e-03
-6.92553 5.947568718092860e-03
-6.91131 6.076431168900280e-03
-6.89710 6.205678240969633e-03
-6.88288 6.336329172106549e-03
-6.86867 6.469254448636718e-03
-6.85445 6.605055118112452e-03
-6.84024 6.743994026801858e-03
-6.82603 6.885996273012228e-03
-6.81181 7.030725007884266e-03
-6.79760 7.177725705790509e-03
-6.78338 7.326618980862645e-03
-6.76917 7.477310353889373e-03
-6.75495 7.630175789464026e-03
-6.74074 7.786174940384630e-03
-6.72653 7.946842181482254e-03
-6.71231 8.114115349682509e-03
-6.69810 8.289996713844915e-03
-6.68388 8.476118677473067e-03
-6.66967 8.673422927207622e-03
-6.65546 8.882338683899866e-03
-6.64124 9.103957967497290e-03
-6.62703 9.342513695110381e-03
-6.61281 9.608686072220688e-03
-6.59860 9.922011498867454e-03
-6.58438 1.031076276196274e-02
-6.57017 1.081276147338324e-02
-6.55596 1.146422658715844e-02
-6.54174 1.219420463916882e-02
-6.52753 1.294626441292604e-02
-6.51331 1.381224617396251e-02
-6.49910 1.454502796596844e-02
-6.48488 1.527723717661983e-02
-6.47067 1.805762388326499e-02
-6.45646 1.394024154530448e-02
-6.44224 1.331555530668468e-02
-6.42803 1.270753963127532e-02
-6.41381 1.214192168026948e-02
-6.39960 1.167189233012276e-02
-6.38539 1.130134194280292e-02
-6.37117 1.100762027129836e-02
-6.35696 1.076351224556293e-02
-6.34274 1.054886007843859e-02
-6.32853 1.035269850201379e-02
-6.31431 1.017064647089322e-02
-6.30010 1.000149000046403e-02
-6.28589 9.844797559856943e-03
-6.27167 9.699847205751524e-03
-6.25746 9.565454211447834e-03
-6.24324 9.440196448498387e-03
-6.22903 9.322695278042577e-03
-6.21481 9.211798154625138e-03
-6.20060 9.106636944690905e-03
-6.18639 9.006595799185599e-03
-6.17217 8.911236100769424e-03
-6.15796 8.820216758137286e-03
-6.14374 8.733231948191771e-03
-6.12953 8.649973901073065e-03
-6.11532 8.570118742425680e-03
-6.10110 8.493328862357727e-03
-6.08689 8.419264448090444e-03
-6.07267 8.347598071723587e-03
-6.05846 8.278028232856040e-03
-6.04424 8.210289674458636e-03
-6.03003 8.144159728182856e-03
-6.01582 8.079460828443873e-03
-6.00160 8.016059761521987e-03
-5.98739 7.953864343725135e-03
-5.97317 7.892818197323443e-03
-5.95896 7.832894217682655e-03
-5.94474 7.774087255180646e-03
-5.93053 7.716406488353342e-03
-5.91632 7.659867934236623e-03
-5.90210 7.604487512604170e-03
-5.88789 7.550275037939739e-03
-5.87367 7.497229447811140e-03
-5.85946 7.445335487769964e-03
-5.84525 7.394561966498786e-03
-5.83103 7.344861580361391e-03
-5.81682 7.296172194991559e-03
-5.80260 7.248419373553102e-03
-5.78839 7.201519865014121e-03
-5.77417 7.155385716355956e-03
-5.75996 7.109928652069337e-03
-5.74575 7.065064371720505e-03
-5.73153 7.020716448673170e-03
-5.71732 6.976819565501589e-03
-5.70310 6.933321888548335e-03
-5.68889 6.890186459413306e-03
-5.67467 6.847391558951386e-03
-5.66046 6.804930074117486e-03
-5.64625 6.762807964990205e-03
-5.63203 6.721041984737297e-03
-5.61782 6.679656846438372e-03
-5.60360 6.638682055966601e-03
-5.58939 6.598148639095204e-03
-5.57518 6.558085984247479e-03
-5.56096 6.518519001412304e-03
-5.54675 6.479465765047628e-03
-5.53253 6.440935767223993e-03
-5.51832 6.402928860108991e-03
-5.50410 6.365434917579071e-03
-5.48989 6.328434197583329e-03
-5.47568 6.291898342886977e-03
-5.46146 6.255791920526182e-03
-5.44725 6.220074371643754e-03
-5.43303 6.184702224597384e-03
-5.41882 6.149631415877143e-03
-5.40460 6.114819565282426e-03
-5.39039 6.080228063203818e-03
-5.37618 6.045823847410794e-03
-5.36196 6.011580772727139e-03
-5.34775 5.977480507372679e-03
-5.33353 5.943512922422516e-03
-5.31932 5.909675973652183e-03
-5.30511 5.875975106006305e-03
-5.29089 5.842422238303232e-03
-5.27668 5.809034408156436e-03
-5.26246 5.775832173434354e-03
-5.24825 5.742837876297702e-03
-5.23403 5.710073878777645e-03
-5.21982 5.677560875228181e-03
-5.20561 5.645316377403307e-03
-5.19139 5.613353453279985e-03
-5.17718 5.581679782208422e-03
-5.16296 5.550297067808469e-03
-5.14875 5.519200827600019e-03
-5.13453 5.488380555997431e-03
-5.12032 5.457820236268102e-03
-5.10611 5.427499158457149e-03
-5.09189 5.397392985016241e-03
-5.07768 5.367474994608593e-03
-5.06346 5.337717427699597e-03
-5.04925 5.308092855223434e-03
-5.03504 5.278575493725686e-03
-5.02082 5.249142396572020e-03
-5.00661 5.219774460535099e-03
-4.99239 5.190457199619214e-03
-4.97818 5.161181252536451e-03
-4.96396 5.131942605930458e-03
-4.94975 5.102742531363575e-03
-4.93554 5.073587249386214e-03
-4.92132 5.044487347918965e-03
-4.90711 5.015456994037441e-03
-4.89289 4.986512987539236e-03
-4.87868 4.957673711034358e-03
-4.86446 4.928958034547594e-03
-4.85025 4.900384232736262e-03
-4.83604 4.871968969953098e-03
-4.82182 4.843726402810131e-03
-4.80761 4.815667442035505e-03
-4.79339 4.787799205766224e-03
-4.77918 4.760124685554297e-03
-4.76496 4.732642634882424e-03
-4.75075 4.705347678489234e-03
-4.73654 4.678230629864411e-03
-4.72232 4.651278994406578e-03
-4.70811 4.624477627378425e-03
-4.69389 4.597809509286086e-03
-4.67968 4.571256596887937e-03
-4.66547 4.544800705823822e-03
-4.65125 4.518424380858976e-03
-4.63704 4.492111711860041e-03
-4.62282 4.465849057669566e-03
-4.60861 4.439625645743623e-03
-4.59439 4.413434022423161e-03
-4.58018 4.387270336636643e-03
-4.56597 4.361134448267273e-03
-4.55175 4.335029860947064e-03
-4.53754 4.308963487261303e-03
-4.52332 4.282945261893951e-03
-4.50911 4.256987624799475e-03
-4.49489 4.231104901793730e-03
-4.48068 4.205312613831861e-03
-4.46647 4.179626748578563e-03
-4.45225 4.154063028650529e-03
-4.43804 4.128636210179732e-03
-4.42382 4.103359443247745e-03
-4.40961 4.078243722493083e-03
-4.39540 4.053297452092265e-03
-4.38118 4.028526144738477e-03
-4.36697 4.003932269657234e-03
-4.35275 3.979515260684458e-03
-4.33854 3.955271692715899e-03
-4.32432 3.931195634363891e-03
-4.31011 3.907279187709901e-03
-4.29590 3.883513234426765e-03
-4.28168 3.859888423882060e-03
-4.26747 3.836396466964087e-03
-4.25325 3.813031844944571e-03
-4.23904 3.789794114203499e-03
-4.22482 3.766691099058528e-03
-4.21061 3.743743443465660e-03
-4.19640 3.720991299365658e-03
-4.18218 3.698504505079528e-03
-4.16797 3.676398731347571e-03
-4.15375 3.654862160163225e-03
-4.13954 3.634200560689770e-03
-4.12533 3.614912329703779e-03
-4.11111 3.597806064947053e-03
-4.09690 3.584166173339758e-03
-4.08268 3.575952517610385e-03
-4.06847 3.575988914224456e-03
-4.05425 3.588113112635847e-03
-4.04004 3.618928531455663e-03
-4.02583 3.689176514595206e-03
-4.01161 3.807995788157737e-03
-3.99740 3.897968830622742e-03
-3.98318 3.971026432749749e-03
-3.96897 4.077944767014422e-03
-3.95475 4.188927620023370e-03
-3.94054 4.288767922107951e-03
-3.92633 4.383514102726372e-03
-3.91211 4.483563979266665e-03
-3.89790 4.594582572505994e-03
-3.88368 4.716464127650250e-03
-3.86947 4.847311783018387e-03
-3.85526 4.986610780685292e-03
-3.84104 5.135765795001513e-03
-3.82683 5.297637220955274e-03
-3.81261 5.476207523233372e-03
-3.79840 5.674860074485998e-03
-3.78418 5.890827506715355e-03
-3.76997 6.108225127762541e-03
-3.75576 6.299332408402419e-03
-3.74154 6.440133611982294e-03
-3.72733 6.528716500357369e-03
-3.71311 6.586653443370252e-03
-3.69890 6.640975241979119e-03
-3.68468 6.705870368129415e-03
-3.67047 6.779825394702487e-03
-3.65626 6.854547246391822e-03
-3.64204 6.923562821977280e-03
-3.62783 6.984910583332365e-03
-3.61361 7.039847284531337e-03
-3.59940 7.090826110612404e-03
-3.58519 7.140172193855709e-03
-3.57097 7.189513181794950e-03
-3.55676 7.239683681200713e-03
-3.54254 7.290876364023939e-03
-3.52833 7.342888372211070e-03
-3.51411 7.395359866364117e-03
-3.49990 7.447944808485816e-03
-3.48569 7.500396153995844e-03
-3.47147 7.552579296800609e-03
-3.45726 7.604442715565836e-03
-3.44304 7.655974975227854e-03
-3.42883 7.707168870739457e-03
-3.41461 7.758002944321696e-03
-3.40040 7.808441777746593e-03
-3.38619 7.858450697887405e-03
-3.37197 7.908017676515678e-03
-3.35776 7.957174623479054e-03
-3.34354 8.006011360037308e-03
-3.32933 8.054677796096607e-03
-3.31512 8.103372702527515e-03
-3.30090 8.152320415428847e-03
-3.28669 8.201739303107108e-03
-3.27247 8.251807456792944e-03
-3.25826 8.302631613004055e-03
-3.24404 8.354224772291233e-03
-3.22983 8.406496522613811e-03
-3.21562 8.459258007503610e-03
-3.20140 8.512241161581127e-03
-3.18719 8.565129634763425e-03
-3.17297 8.617597066794994e-03
-3.15876 8.669347305443513e-03
-3.14454 8.720150932185164e-03
-3.13033 8.769873093367721e-03
-3.11612 8.818489026645896e-03
-3.10190 8.866085593605223e-03
-3.08769 8.912849259363184e-03
-3.07347 8.959042936676397e-03
-3.05926 9.004975597535906e-03
-3.04505 9.050969301860636e-03
-3.03083 9.097328197507658e-03
-3.01662 9.144313176364476e-03
-3.00240 9.192124457971136e-03
-2.98819 9.240892761522061e-03
-2.97397 9.290678306278092e-03
-2.95976 9.341475984967172e-03
-2.94555 9.393224879512061e-03
-2.93133 9.445820821463547e-03
-2.91712 9.499131698697523e-03
-2.90290 9.553016237415737e-03
-2.88869 9.607347511644628e-03
-2.87447 9.662041987947916e-03
-2.86026 9.717093309184898e-03
-2.84605 9.772607512710548e-03
-2.83183 9.828833696143459e-03
-2.81762 9.886182238904683e-03
-2.80340 9.945222171574827e-03
-2.78919 1.000664988647195e-02
-2.77497 1.007122215373849e-02
-2.76076 1.013964729498401e-02
-2.74655 1.021243244593027e-02
-2.73233 1.028969837076429e-02
-2.71812 1.037100036774864e-02
-2.70390 1.045522687708519e-02
-2.68969 1.054066388997568e-02
-2.67548 1.062529955336729e-02
-2.66126 1.070752805941100e-02
-2.64705 1.078852777268605e-02
-2.63283 1.088127402976323e-02
-2.61862 1.101898031867784e-02
-2.60440 1.120131802733793e-02
-2.59019 1.133941810372975e-02
-2.57598 1.140728495684881e-02
-2.56176 1.147893601829392e-02
-2.54755 1.157075854171834e-02
-2.53333 1.165698507181130e-02
-2.51912 1.172859099452178e-02
-2.50490 1.179286986480999e-02
-2.49069 1.185914692708739e-02
-2.47648 1.193028908592435e-02
-2.46226 1.200306294344702e-02
-2.44805 1.207287194745238e-02
-2.43383 1.213727105889324e-02
-2.41962 1.219669387484214e-02
-2.40541 1.225341232792241e-02
-2.39119 1.230990477585452e-02
-2.37698 1.236750788466807e-02
-2.36276 1.242594994550788e-02
-2.34855 1.248384767825126e-02
-2.33433 1.253971770763517e-02
-2.32012 1.259287184930175e-02
-2.30591 1.264376443615327e-02
-2.29169 1.269371860726237e-02
-2.27748 1.274425417132825e-02
-2.26326 1.279636582754516e-02
-2.24905 1.285005755638194e-02
-2.23483 1.290428844366582e-02
-2.22062 1.295730806993732e-02
-2.20641 1.300722453643206e-02
-2.19219 1.305259217516583e-02
-2.17798 1.309283030758916e-02
-2.16376 1.312836397672078e-02
-2.14955 1.316047622754610e-02
-2.13534 1.319094608011532e-02
-2.12112 1.322159536276703e-02
-2.10691 1.325387418896638e-02
-2.09269 1.328858520800192e-02
-2.07848 1.332579553034615e-02
-2.06426 1.336493001642523e-02
-2.05005 1.340499562195983e-02
-2.03584 1.344486292124608e-02
-2.02162 1.348352980315896e-02
-2.00741 1.352030954134983e-02
-1.99319 1.355491319290008e-02
-1.97898 1.358742591586283e-02
-1.96476 1.361820107005636e-02
-1.95055 1.364771040400951e-02
-1.93634 1.367639190643936e-02
-1.92212 1.370453041775827e-02
-1.90791 1.373219309208236e-02
-1.89369 1.375922626178870e-02
-1.87948 1.378530593378591e-02
-1.86527 1.381002382605436e-02
-1.85105 1.383298598910346e-02
-1.83684 1.385390174199874e-02
-1.82262 1.387264585008266e-02
-1.80841 1.388928481071298e-02
-1.79419 1.390406674550396e-02
-1.77998 1.391738183146019e-02
-1.76577 1.392970505473363e-02
-1.75155 1.394153467612000e-02
-1.73734 1.395333826516646e-02
-1.72312 1.396551425918633e-02
-1.70891 1.397837192768408e-02
-1.69469 1.399212768700323e-02
-1.68048 1.400691205787344e-02
-1.66627 1.402277993661068e-02
-1.65205 1.403971748928673e-02
-1.63784 1.405764158324862e-02
-1.62362 1.407639151084092e-02
-1.60941 1.409571682253884e-02
-1.59520 1.411526827056128e-02
-1.58098 1.413460019778001e-02
-1.56677 1.415319156424551e-02
-1.55255 1.417048909529042e-02
-1.53834 1.418597032948028e-02
-1.52412 1.419921786226886e-02
-1.50991 1.420999050844218e-02
-1.49570 1.421827421876362e-02
-1.48148 1.422429674984957e-02
-1.46727 1.422849579087156e-02
-1.45305 1.423143985785836e-02
-1.43884 1.423371308087289e-02
-1.42462 1.423578659384871e-02
-1.41041 1.423790771879013e-02
-1.39620 1.424004031696586e-02
-1.38198 1.424188221347371e-02
-1.36777 1.424296611465211e-02
-1.35355 1.424282039911985e-02
-1.33934 1.424113465156893e-02
-1.32513 1.423785955752364e-02
-1.31091 1.423319202231019e-02
-1.29670 1.422746311697413e-02
-1.28248 1.422103979669109e-02
-1.26827 1.421440647973452e-02
-1.25405 1.420848682023574e-02
-1.23984 1.420489158294483e-02
-1.22563 1.420533868920376e-02
-1.21141 1.420977035572482e-02
-1.19720 1.421422580521600e-02
-1.18298 1.421062531862964e-02
-1.16877 1.418856170107701e-02
-1.15455 1.413774803021805e-02
-1.14034 1.405751614796637e-02
-1.12613 1.397478889241983e-02
-1.11191 1.391572181462648e-02
-1.09770 1.368999167291184e-02
-1.08348 1.328697428900195e-02
-1.06927 1.294772963191469e-02
-1.05506 1.265519214162784e-02
-1.04084 1.238305543287658e-02
-1.02663 1.214391437392054e-02
-1.01241 1.194203934682825e-02
-0.99820 1.176178091309437e-02
-0.98398 1.158477429865798e-02
-0.96977 1.140304472082188e-02
-0.95556 1.121994452813424e-02
-0.94134 1.104317932777849e-02
-0.92713 1.087775115514755e-02
-0.91291 1.072336553973301e-02
-0.89870 1.057611622961233e-02
-0.88448 1.043177416417169e-02
-0.87027 1.028805150752308e-02
-0.85606 1.014487883803443e-02
-0.84184 1.000335088954286e-02
-0.82763 9.864483625245491e-03
-0.81341 9.728515339177353e-03
-0.79920 9.594878787510053e-03
-0.78498 9.462589505490997e-03
-0.77077 9.330712229443918e-03
-0.75656 9.198669292130963e-03
-0.74234 9.066308142133233e-03
-0.72813 8.933792319089391e-03
-0.71391 8.801478497070652e-03
-0.69970 8.669909934476078e-03
-0.68549 8.539891537149928e-03
-0.67127 8.412478783076075e-03
-0.65706 8.288771096610805e-03
-0.64284 8.169577916700324e-03
-0.62863 8.055106006348917e-03
-0.61441 7.944743700370112e-03
-0.60020 7.836965743902490e-03
-0.58599 7.729464067679371e-03
-0.57177 7.619659918466010e-03
-0.55756 7.505549525888261e-03
-0.54334 7.386485247243744e-03
-0.52913 7.263398324168977e-03
-0.51491 7.138329077244255e-03
-0.50070 7.013624450914620e-03
-0.48649 6.891281411419082e-03
-0.47227 6.772576186850502e-03
-0.45806 6.657787166442388e-03
-0.44384 6.545930855867188e-03
-0.42963 6.434814397184424e-03
-0.41542 6.321748690934500e-03
-0.40120 6.204709866484238e-03
-0.38699 6.083155172721479e-03
-0.37277 5.957877059445451e-03
-0.35856 5.830174801485440e-03
-0.34434 5.701273182857104e-03
-0.33013 5.572522363909016e-03
-0.31592 5.445818081658794e-03
-0.30170 5.323128599603869e-03
-0.28749 5.204845779627204e-03
-0.27327 5.088160891934294e-03
-0.25906 4.966977681937762e-03
-0.24484 4.833467790331552e-03
-0.23063 4.680222507138184e-03
-0.21642 4.502857285016634e-03
-0.20220 4.304229561475515e-03
-0.18799 4.099609668621076e-03
-0.17377 3.916699667917340e-03
-0.15956 3.781758815827915e-03
-0.14535 3.694515970714983e-03
-0.13113 3.615974976095184e-03
-0.11692 3.490390299253507e-03
-0.10270 3.283271667549153e-03
-0.08849 2.997828977752067e-03
-0.07427 2.674510961337335e-03
-0.06006 2.442988875556067e-03
-0.04585 2.537084921697998e-03
-0.03163 2.750421763170648e-03
-0.01742 2.329556513136391e-03
-0.00320 1.465748450551707e-03
0.01101 8.872126559919597e-04
0.02523 6.185358019636096e-04
0.03944 4.607236925162742e-04
0.05365 3.444868532831285e-04
0.06787 2.563427091422836e-04
0.08208 1.902510360971468e-04
0.09630 1.411430391775019e-04
0.11051 1.048286178650587e-04
0.12472 7.803508400762748e-05
0.13894 5.828640201090080e-05
0.15315 4.373256908622601e-05
0.16737 3.299731804730425e-05
0.18158 2.506155863741060e-05
0.19580 1.917634073067817e-05
0.21001 1.479605127653228e-05
0.22422 1.152624808630973e-05
0.23844 9.083459551907278e-06
0.25265 7.265201430557536e-06
0.26687 5.928446235804921e-06
0.28108 4.974742011458826e-06
0.29530 4.340386787159262e-06
0.30951 3.990443033591072e-06
0.32372 3.915786796160335e-06
0.33794 4.132753384620041e-06
0.35215 4.685255841443077e-06
0.36637 5.649543932933089e-06
0.38058 7.142089249437285e-06
0.39479 9.331484143324353e-06
0.40901 1.245578691279899e-05
0.42322 1.684747154759609e-05
0.43744 2.296902170521321e-05
0.45165 3.146307480391311e-05
0.46587 4.322144688832722e-05
0.48008 5.947656913045077e-05
0.49429 8.191572068027267e-05
0.50851 1.128119084046453e-04
0.52272 1.551561571358310e-04
0.53694 2.127735886626986e-04
0.55115 2.904445961920142e-04
0.56537 3.942054563957106e-04
0.57958 5.323184068611762e-04
0.59379 7.178993729350810e-04
0.60801 9.753042465322713e-04
0.62222 1.350286888886887e-03
0.63644 1.896914583039322e-03
0.65065 3.589361070748039e-03
0.66486 3.498685838582029e-03
0.67908 3.615102429737837e-03
0.69329 3.834646549077814e-03
0.70751 4.103316551593589e-03
0.72172 4.522111086230780e-03
0.73594 5.053235953605208e-03
0.75015 5.640337451256795e-03
0.76436 6.261697171329821e-03
0.77858 6.916396516787287e-03
0.79279 7.588477174947661e-03
0.80701 8.234109832182179e-03
0.82122 8.816587307264532e-03
0.83544 9.337085950717115e-03
0.84965 9.808911770733798e-03
0.86386 1.022811312275473e-02
0.87808 1.059654451646762e-02
0.89229 1.094580533425296e-02
0.90651 1.131231909157395e-02
0.92072 1.170453719417228e-02
0.93493 1.210601061970842e-02
0.94915 1.249807196403007e-02
0.96336 1.287252978821685e-02
0.97758 1.323021432600315e-02
0.99179 1.357515699747615e-02
1.00601 1.391117575915381e-02
1.02022 1.424184477012983e-02
1.03443 1.457190975877550e-02
1.04865 1.490801438825376e-02
1.06286 1.525848569822987e-02
1.07708 1.564395772497231e-02
1.09129 1.619493233525179e-02
1.10551 1.733336122725248e-02
1.11972 1.848536995326906e-02
1.13393 1.814693197989147e-02
1.14815 1.834529762293041e-02
1.16236 1.879545946224050e-02
1.17658 1.919911459130625e-02
1.19079 1.956665965568644e-02
1.20501 1.997884247630901e-02
1.21922 2.043463219274865e-02
1.23343 2.087178018535158e-02
1.24765 2.125803563482467e-02
1.26186 2.162042961959332e-02
1.27608 2.199830116351533e-02
1.29029 2.240389861965228e-02
1.30450 2.282639157649814e-02
1.31872 2.324983320611489e-02
1.33293 2.366307416830560e-02
1.34715 2.406246884723429e-02
1.36136 2.445107479804602e-02
1.37558 2.483565877227594e-02
1.38979 2.522296059016300e-02
1.40400 2.561688796761801e-02
1.41822 2.601759949989684e-02
1.43243 2.642242506495093e-02
1.44665 2.682783633296726e-02
1.46086 2.723143519548212e-02
1.47508 2.763314718099437e-02
1.48929 2.803529516675122e-02
1.50350 2.844173410941217e-02
1.51772 2.885655162876585e-02
1.53193 2.928289865687881e-02
1.54615 2.972234526501213e-02
1.56036 3.017487553300808e-02
1.57457 3.063937550205331e-02
1.58879 3.111432295407063e-02
1.60300 3.159838233425338e-02
1.61722 3.209070954205194e-02
1.63143 3.259091900801007e-02
1.64565 3.309880164060561e-02
1.65986 3.361396848449363e-02
1.67407 3.413561560514759e-02
1.68829 3.466256431596547e-02
1.70250 3.519364490165299e-02
1.71672 3.572838738552767e-02
1.73093 3.626788745358672e-02
1.74515 3.681565192142427e-02
1.75936 3.737820729333662e-02
1.77357 3.796527434074032e-02
1.78779 3.858935790072335e-02
1.80200 3.926465981831642e-02
1.81622 4.000529139460601e-02
1.83043 4.082285690746076e-02
1.84464 4.172363103084732e-02
1.85886 4.270577193493136e-02
1.87307 4.375724397783914e-02
1.88729 4.485520663789817e-02
1.90150 4.596733262515628e-02
1.91572 4.705480353063112e-02
1.92993 4.807611138920907e-02
1.94414 4.899130945940671e-02
1.95836 4.976849965963336e-02
1.97257 5.039614544506588e-02
1.98679 5.090120822724664e-02
2.00100 5.136060299507025e-02
2.01522 5.186845201429419e-02
2.02943 5.240584334058828e-02
2.04364 5.273429146952204e-02
2.05786 5.264821558159430e-02
2.07207 5.231107709764236e-02
2.08629 5.201232383837371e-02
2.10050 5.179139533795481e-02
2.11471 5.152592759089206e-02
2.12893 5.115367935033004e-02
2.14314 5.071402854118280e-02
2.15736 5.028039297946771e-02
2.17157 4.991124771384114e-02
2.18579 4.966953531485908e-02
2.20000 4.966530703358501e-02
