-12.00000 4.480139432589975e-39
-11.98579 2.665099506351526e-38
-11.97157 1.577732072608209e-37
-11.95736 9.292935943347603e-37
-11.94314 5.445204873164729e-36
-11.92893 3.173968554489136e-35
-11.91471 1.840547516218188e-34
-11.90050 1.061974301379502e-33
-11.88629 6.098123427631676e-33
-11.87207 3.485744392638636e-32
-11.85786 1.983819876721051e-31
-11.84364 1.124275286140434e-30
-11.82943 6.344671813840488e-30
-11.81522 3.564888099186526e-29
-11.80100 1.993626857614029e-28
-11.78679 1.109166627361362e-27
-11.77257 6.135465757408739e-27
-11.75836 3.372195369717595e-26
-11.74414 1.840396335080757e-25
-11.72993 9.967643945995216e-25
-11.71572 5.354972363851332e-24
-11.70150 2.852794002585367e-23
-11.68729 1.506816935380758e-22
-11.67307 7.890552064995361e-22
-11.65886 4.096591126120934e-21
-11.64464 2.108767345864449e-20
-11.63043 1.076331389537107e-19
-11.61622 5.447463070106057e-19
-11.60200 2.734065020196511e-18
-11.58779 1.361022000737078e-17
-11.57357 6.721945138727569e-17
-11.55936 3.295099205856991e-16
-11.54515 1.603669126419761e-15
-11.53093 7.747593727275212e-15
-11.51672 3.711619933679720e-14
-11.50250 1.759171846184681e-13
-11.48829 8.221151344781926e-13
-11.47407 3.774558794630167e-12
-11.45986 1.698446592327309e-11
-11.44565 7.490220511325671e-11
-11.43143 3.244802554721282e-10
-11.41722 1.383510272419211e-09
-11.40300 5.796048124638220e-09
-11.38879 2.376378284844346e-08
-11.37457 9.520216466809625e-08
-11.36036 3.671524917893421e-07
-11.34615 1.280317433198838e-06
-11.33193 3.681812917745736e-06
-11.31772 8.265932349694036e-06
-11.30350 1.475403504448983e-05
-11.28929 2.254829236923578e-05
-11.27508 3.170653127518712e-05
-11.26086 4.220317838816735e-05
-11.24665 5.348644285434766e-05
-11.23243 6.524876667755617e-05
-11.21822 7.774780610076466e-05
-11.20400 9.134736131535695e-05
-11.18979 1.060963233035240e-04
-11.17558 1.217486177121678e-04
-11.16136 1.380501333207509e-04
-11.14715 1.549620605339091e-04
-11.13293 1.726526238309944e-04
-11.11872 1.913247715699219e-04
-11.10450 2.110525938123525e-04
-11.09029 2.317391721959805e-04
-11.07608 2.531912551191768e-04
-11.06186 2.752362917339729e-04
-11.04765 2.978076706388816e-04
-11.03343 3.209627786840378e-04
-11.01922 3.448398109145840e-04
-11.00501 3.695845127417834e-04
-10.99079 3.952836752059562e-04
-10.97658 4.219322995456288e-04
-10.96236 4.494431564807999e-04
-10.94815 4.776892117881995e-04
-10.93393 5.065579359548835e-04
-10.91972 5.359950574190965e-04
-10.90551 5.660225929876648e-04
-10.89129 5.967275873932235e-04
-10.87708 6.282288280254208e-04
-10.86286 6.606352372417527e-04
-10.84865 6.940104387557772e-04
-10.83443 7.283540470624417e-04
-10.82022 7.636036970127837e-04
-10.80601 7.996551439361577e-04
-10.79179 8.363928712126936e-04
-10.77758 8.737215974709533e-04
-10.76336 9.115899615145888e-04
-10.74915 9.500007678389511e-04
-10.73493 9.890063348129642e-04
-10.72072 1.028691471017984e-03
-10.70651 1.069149441427203e-03
-10.69229 1.110457452834503e-03
-10.67808 1.152657654272227e-03
-10.66386 1.195747780237677e-03
-10.64965 1.239682968430496e-03
-10.63544 1.284387626868308e-03
-10.62122 1.329774085831088e-03
-10.60701 1.375763536183598e-03
-10.59279 1.422304580643185e-03
-10.57858 1.469385533157891e-03
-10.56436 1.517038134937418e-03
-10.55015 1.565332242489920e-03
-10.53594 1.614362881320644e-03
-10.52172 1.664232494644441e-03
-10.50751 1.715032005126988e-03
-10.49329 1.766824350061301e-03
-10.47908 1.819633497281736e-03
-10.46486 1.873440777244489e-03
-10.45065 1.928188933279945e-03
-10.43644 1.983792878978563e-03
-10.42222 2.040155011486052e-03
-10.40801 2.097182242724675e-03
-10.39379 2.154801761478884e-03
-10.37958 2.212972911444280e-03
-10.36537 2.271693360176474e-03
-10.35115 2.330998777360164e-03
-10.33694 2.390956346853434e-03
-10.32272 2.451653421190164e-03
-10.30851 2.513183340810621e-03
-10.29429 2.575630789884357e-03
-10.28008 2.639059017521867e-03
-10.26587 2.703500851779777e-03
-10.25165 2.768954760459727e-03
-10.23744 2.835386387831716e-03
-10.22322 2.902735153805614e-03
-10.20901 2.970924767696212e-03
-10.19479 3.039875983044308e-03
-10.18058 3.109519665630413e-03
-10.16637 3.179808283018059e-03
-10.15215 3.250724227398331e-03
-10.13794 3.322283895257496e-03
-10.12372 3.394537083989386e-03
-10.10951 3.467561932330093e-03
-10.09530 3.541456236065382e-03
-10.08108 3.616326434886882e-03
-10.06687 3.692275836079130e-03
-10.05265 3.769393690275099e-03
-10.03844 3.847746568311298e-03
-10.02422 3.927373138283639e-03
-10.01001 4.008282962026090e-03
-9.99580 4.090459387842956e-03
-9.98158 4.173866083288754e-03
-9.96737 4.258456295233625e-03
-9.95315 4.344183598722707e-03
-9.93894 4.431012736811211e-03
-9.92472 4.518929174079443e-03
-9.91051 4.607946177730027e-03
-9.89630 4.698108572523230e-03
-9.88208 4.789492744018837e-03
-9.86787 4.882202933786356e-03
-9.85365 4.976364322927883e-03
-9.83944 5.072113783198407e-03
-9.82523 5.169589445217480e-03
-9.81101 5.268920362455304e-03
-9.79680 5.370217526793582e-03
-9.78258 5.473567323153256e-03
-9.76837 5.579028219818870e-03
-9.75415 5.686631113646699e-03
-9.73994 5.796383330117631e-03
-9.72573 5.908275865823577e-03
-9.71151 6.022293102693642e-03
-9.69730 6.138423959723023e-03
-9.68308 6.256673308377682e-03
-9.66887 6.377072475860984e-03
-9.65465 6.499687791426502e-03
-9.64044 6.624626371948166e-03
-9.62623 6.752038656715014e-03
-9.61201 6.882117545329753e-03
-9.59780 7.015094332016252e-03
-9.58358 7.151231950821651e-03
-9.56937 7.290816360444086e-03
-9.55516 7.434147226098877e-03
-9.54094 7.581529390393303e-03
-9.52673 7.733266871769461e-03
-9.51251 7.889661073930519e-03
-9.49830 8.051014249176154e-03
-9.48408 8.217637883617023e-03
-9.46987 8.389863918502575e-03
-9.45566 8.568055831700101e-03
-9.44144 8.752618666563586e-03
-9.42723 8.944013912028564e-03
-9.41301 9.142795511017623e-03
-9.39880 9.349689541083048e-03
-9.38458 9.565727261029291e-03
-9.37037 9.792394443995635e-03
-9.35616 1.003168618489376e-02
-9.34194 1.028592132475991e-02
-9.32773 1.055733878680211e-02
-9.31351 1.084808951288507e-02
-9.29930 1.116209796530393e-02
-9.28509 1.150984454301077e-02
-9.27087 1.191263992776023e-02
-9.25666 1.239607816979160e-02
-9.24244 1.296607600024545e-02
-9.22823 1.358488080670822e-02
-9.21401 1.418051910313090e-02
-9.19980 1.468814823020748e-02
-9.18559 1.507213984510304e-02
-9.17137 1.530670658899307e-02
-9.15716 1.536738698779139e-02
-9.14294 1.526622053159267e-02
-9.12873 1.507449698747840e-02
-9.11451 1.488350798251761e-02
-9.10030 1.474590976186370e-02
-9.08609 1.466102648220105e-02
-9.07187 1.460233031543308e-02
-9.05766 1.454646186063896e-02
-9.04344 1.448305252538711e-02
-9.02923 1.441123931893621e-02
-9.01502 1.433353566924149e-02
-9.00080 1.425185260978642e-02
-8.98659 1.416624287813919e-02
-8.97237 1.407557417304332e-02
-8.95816 1.397898255792466e-02
-8.94394 1.387701984519107e-02
-8.92973 1.377186942849683e-02
-8.91552 1.366663968387510e-02
-8.90130 1.356421830340726e-02
-8.88709 1.346629465802297e-02
-8.87287 1.337296149333534e-02
-8.85866 1.328296785191890e-02
-8.84444 1.319440550643195e-02
-8.83023 1.310548532400984e-02
-8.81602 1.301510456025103e-02
-8.80180 1.292305322941789e-02
-8.78759 1.282987049566066e-02
-8.77337 1.273647714988208e-02
-8.75916 1.264375319854844e-02
-8.74494 1.255220820305461e-02
-8.73073 1.246183116132885e-02
-8.71652 1.237213461217109e-02
-8.70230 1.228234717783387e-02
-8.68809 1.219167372148830e-02
-8.67387 1.209953666655230e-02
-8.65966 1.200573138678075e-02
-8.64545 1.191046292649750e-02
-8.63123 1.181426864563408e-02
-8.61702 1.171786118728353e-02
-8.60280 1.162194191225287e-02
-8.58859 1.152703507743899e-02
-8.57437 1.143338038485006e-02
-8.56016 1.134090166255608e-02
-8.54595 1.124924862916286e-02
-8.53173 1.115789216559460e-02
-8.51752 1.106624438891676e-02
-8.50330 1.097377382338951e-02
-8.48909 1.088009180597390e-02
-8.47487 1.078499638531479e-02
-8.46066 1.068847138403013e-02
-8.44645 1.059064830571489e-02
-8.43223 1.049174549103354e-02
-8.41802 1.039200149543909e-02
-8.40380 1.029161820904980e-02
-8.38959 1.019072469480870e-02
-8.37538 1.008936648877948e-02
-8.36116 9.987518719037690e-03
-8.34695 9.885116203549146e-03
-8.33273 9.782090611281661e-03
-8.31852 9.678404204252953e-03
-8.30430 9.574071466629655e-03
-8.29009 9.469163466460753e-03
-8.27588 9.363794198337409e-03
-8.26166 9.258092446717849e-03
-8.24745 9.152166019085530e-03
-8.23323 9.046066909773018e-03
-8.21902 8.939765799159246e-03
-8.20480 8.833142366607849e-03
-8.19059 8.725994621301648e-03
-8.17638 8.618066486669946e-03
-8.16216 8.509088972248497e-03
-8.14795 8.398827167136299e-03
-8.13373 8.287123581648891e-03
-8.11952 8.173928400779204e-03
-8.10531 8.059309057168030e-03
-8.09109 7.943434946361974e-03
-8.07688 7.826537591996233e-03
-8.06266 7.708851425058161e-03
-8.04845 7.590544765528358e-03
-8.03423 7.471653776692539e-03
-8.02002 7.352033385171410e-03
-8.00581 7.231337892177721e-03
-7.99159 7.109039994521342e-03
-7.97738 6.984490332140488e-03
-7.96316 6.857011153506771e-03
-7.94895 6.726008562775480e-03
-7.93473 6.591080089964233e-03
-7.92052 6.452090520811210e-03
-7.90631 6.309191551189991e-03
-7.89209 6.162771574977532e-03
-7.87788 6.013340636091454e-03
-7.86366 5.861379484868623e-03
-7.84945 5.707204931739705e-03
-7.83524 5.550917501112793e-03
-7.82102 5.392490813333751e-03
-7.80681 5.232024536639270e-03
-7.79259 5.070110183988680e-03
-7.77838 4.908165468847881e-03
-7.76416 4.748521224034142e-03
-7.74995 4.594062358657192e-03
-7.73574 4.447388408840586e-03
-7.72152 4.309761113477705e-03
-7.70731 4.180431639628847e-03
-7.69309 4.057074905046000e-03
-7.67888 3.937719652133203e-03
-7.66466 3.823485720435828e-03
-7.65045 3.719797467218074e-03
-7.63624 3.632965261905802e-03
-7.62202 3.561799730592324e-03
-7.60781 3.492164443938392e-03
-7.59359 3.412405389481976e-03
-7.57938 3.343876181846573e-03
-7.56517 3.288802492528678e-03
-7.55095 3.118178818174797e-03
-7.53674 2.744494766386990e-03
-7.52252 2.341133156484148e-03
-7.50831 2.090441270813776e-03
-7.49409 1.987846979739501e-03
-7.47988 1.964356488386143e-03
-7.46567 1.972061946226649e-03
-7.45145 1.984129366489914e-03
-7.43724 1.991696626913302e-03
-7.42302 2.000801673360152e-03
-7.40881 2.021956024321259e-03
-7.39459 2.059977897269358e-03
-7.38038 2.111990967870658e-03
-7.36617 2.172271789381822e-03
-7.35195 2.237374113672381e-03
-7.33774 2.307507119715452e-03
-7.32352 2.384811438844917e-03
-7.30931 2.471037977178575e-03
-7.29510 2.566307669875327e-03
-7.28088 2.669211313202402e-03
-7.26667 2.777680750225148e-03
-7.25245 2.889918911837935e-03
-7.23824 3.004928566525899e-03
-7.22402 3.122535432832552e-03
-7.20981 3.243063187470504e-03
-7.19560 3.366910773381219e-03
-7.18138 3.494234902563630e-03
-7.16717 3.624829119377912e-03
-7.15295 3.758184912430787e-03
-7.13874 3.893657379762995e-03
-7.12452 4.030643702854308e-03
-7.11031 4.168704265220962e-03
-7.09610 4.307594553501060e-03
-7.08188 4.447213888649005e-03
-7.06767 4.587503386770670e-03
-7.05345 4.728335992108034e-03
-7.03924 4.869437259738683e-03
-7.02503 5.010361539143911e-03
-7.01081 5.150530182127655e-03
-6.99660 5.289321555470784e-03
-6.98238 5.426190520870190e-03
-6.96817 5.560789319207084e-03
-6.95395 5.693062516133282e-03
-6.93974 5.823294748395861e-03
-6.92553 5.952099733442406e-03
-6.91131 6.080350414072565e-03
-6.89710 6.209061295314645e-03
-6.88288 6.339243291790158e-03
-6.86867 6.471757351355576e-03
-6.85445 6.607194775570844e-03
-6.84024 6.745809082237360e-03
-6.82603 6.887516698381333e-03
-6.81181 7.031972731065769e-03
-6.79760 7.178715137054328e-03
-6.78338 7.327357576647642e-03
-6.76917 7.477799485068243e-03
-6.75495 7.630412166129522e-03
-6.74074 7.786152686938040e-03
-6.72653 7.946555414105974e-03
-6.71231 8.113560786141996e-03
-6.69810 8.289175181888998e-03
-6.68388 8.475032877432665e-03
-6.66967 8.672066781148889e-03
-6.65546 8.880674962859133e-03
-6.64124 9.101894641695821e-03
-6.62703 9.339921422227178e-03
-6.61281 9.605527745336136e-03
-6.59860 9.918583249796352e-03
-6.58438 1.030751391641798e-02
-6.57017 1.080951861804044e-02
-6.55596 1.146782860539489e-02
-6.54174 1.220831747190083e-02
-6.52753 1.296559213323305e-02
-6.51331 1.382735595210055e-02
-6.49910 1.453830983270300e-02
-6.48488 1.526972867238459e-02
-6.47067 1.803217180930468e-02
-6.45646 1.394052564915533e-02
-6.44224 1.331349544115397e-02
-6.42803 1.270722609073026e-02
-6.41381 1.214203941698779e-02
-6.39960 1.167166888130267e-02
-6.38539 1.130080204233710e-02
-6.37117 1.100708407569283e-02
-6.35696 1.076317656216519e-02
-6.34274 1.054872164828747e-02
-6.32853 1.035265483201906e-02
-6.31431 1.017059341300337e-02
-6.30010 1.000136301461917e-02
-6.28589 9.844574486433565e-03
-6.27167 9.699536399511037e-03
-6.25746 9.565080233695586e-03
-6.24324 9.439788011225737e-03
-6.22903 9.322277197170856e-03
-6.21481 9.211387572925967e-03
-6.20060 9.106243004035987e-03
-6.18639 9.006221384889030e-03
-6.17217 8.910880301642245e-03
-6.15796 8.819877079999310e-03
-6.14374 8.732905811266616e-03
-6.12953 8.649659351451920e-03
-6.11532 8.569814542650770e-03
-6.10110 8.493034210148472e-03
-6.08689 8.418978556376765e-03
-6.07267 8.347319779980494e-03
-6.05846 8.277755746943257e-03
-6.04424 8.210020470316706e-03
-6.03003 8.143890611404844e-03
-6.01582 8.079188116866613e-03
-6.00160 8.015779547992189e-03
-5.98739 7.953572796531971e-03
-5.97317 7.892511862182799e-03
-5.95896 7.832570294181919e-03
-5.94474 7.773743829817158e-03
-5.93053 7.716042714251161e-03
-5.91632 7.659484153635797e-03
-5.90210 7.604085322217584e-03
-5.88789 7.549857299582226e-03
-5.87367 7.496800247827607e-03
-5.85946 7.444900049254970e-03
-5.84525 7.394126518560317e-03
-5.83103 7.344433189048771e-03
-5.81682 7.295758561139926e-03
-5.80260 7.248028603713015e-03
-5.78839 7.201160222746400e-03
-5.77417 7.155065362323954e-03
-5.75996 7.109655382372253e-03
-5.74575 7.064845364607848e-03
-5.73153 7.020558030021317e-03
-5.71732 6.976727003125991e-03
-5.70310 6.933299224533818e-03
-5.68889 6.890236388190098e-03
-5.67467 6.847515356897148e-03
-5.66046 6.805127584137118e-03
-5.64625 6.763077636956333e-03
-5.63203 6.721380970021409e-03
-5.61782 6.680061142185421e-03
-5.60360 6.639146692415441e-03
-5.58939 6.598667901256470e-03
-5.57518 6.558653657725311e-03
-5.56096 6.519128631171369e-03
-5.54675 6.480110915521688e-03
-5.53253 6.441610272340920e-03
-5.51832 6.403627052540776e-03
-5.50410 6.366151827754563e-03
-5.48989 6.329165714643080e-03
-5.47568 6.292641331711749e-03
-5.46146 6.256544291120917e-03
-5.44725 6.220835099390354e-03
-5.43303 6.185471322088481e-03
-5.41882 6.150409859104334e-03
-5.40460 6.115609178784630e-03
-5.39039 6.081031370311379e-03
-5.37618 6.046643892895200e-03
-5.36196 6.012420925953104e-03
-5.34775 5.978344254438443e-03
-5.33353 5.944403655775234e-03
-5.31932 5.910596787306045e-03
-5.30511 5.876928603814257e-03
-5.29089 5.843410361793533e-03
-5.27668 5.810058289304837e-03
-5.26246 5.776892016468342e-03
-5.24825 5.743932871287671e-03
-5.23403 5.711202148425378e-03
-5.21982 5.678719454973994e-03
-5.20561 5.646501227789814e-03
-5.19139 5.614559502473504e-03
-5.17718 5.582900995717838e-03
-5.16296 5.551526541774932e-03
-5.14875 5.520430901566242e-03
-5.13453 5.489602940800260e-03
-5.12032 5.459026152620735e-03
-5.10611 5.428679481878895e-03
-5.09189 5.398538393003561e-03
-5.07768 5.368576112293273e-03
-5.06346 5.338764968678181e-03
-5.04925 5.309077754736750e-03
-5.03504 5.279489031890162e-03
-5.02082 5.249976309889918e-03
-5.00661 5.220521040417368e-03
-4.99239 5.191109377124941e-03
-4.97818 5.161732668954531e-03
-4.96396 5.132387669193940e-03
-4.94975 5.103076458591627e-03
-4.93554 5.073806096092787e-03
-4.92132 5.044588024614109e-03
-4.90711 5.015437271082230e-03
-4.89289 4.986371489205292e-03
-4.87868 4.957409899771659e-03
-4.86446 4.928572186487391e-03
-4.85025 4.899877405456815e-03
-4.83604 4.871342963521187e-03
-4.82182 4.842983715086258e-03
-4.80761 4.814811219199672e-03
-4.79339 4.786833188987262e-03
-4.77918 4.759053154690693e-03
-4.76496 4.731470350067678e-03
-4.75075 4.704079820419931e-03
-4.73654 4.676872739574255e-03
-4.72232 4.649836913273862e-03
-4.70811 4.622957438076873e-03
-4.69389 4.596217478348970e-03
-4.67968 4.569599119511820e-03
-4.66547 4.543084253490736e-03
-4.65125 4.516655452303676e-03
-4.63704 4.490296787851931e-03
-4.62282 4.463994560016844e-03
-4.60861 4.437737900860058e-03
-4.59439 4.411519229726026e-03
-4.58018 4.385334541967785e-03
-4.56597 4.359183522448708e-03
-4.55175 4.333069483498281e-03
-4.53754 4.306999135218535e-03
-4.52332 4.280982203582928e-03
-4.50911 4.255030918323773e-03
-4.49489 4.229159397912382e-03
-4.48068 4.203382962813914e-03
-4.46647 4.177717410540850e-03
-4.45225 4.152178286810076e-03
-4.43804 4.126780186386331e-03
-4.42382 4.101536115107340e-03
-4.40961 4.076456941351190e-03
-4.39540 4.051550961120380e-03
-4.38118 4.026823596357297e-03
-4.36697 4.002277241539751e-03
-4.35275 3.977911269610807e-03
-4.33854 3.953722205600967e-03
-4.32432 3.929704075848389e-03
-4.31011 3.905848943795356e-03
-4.29590 3.882147651741502e-03
-4.28168 3.858590804281664e-03
-4.26747 3.835170057282489e-03
-4.25325 3.811879821807296e-03
-4.23904 3.788719563916489e-03
-4.22482 3.765696992880517e-03
-4.21061 3.742832609724207e-03
-4.19640 3.720166397588717e-03
-4.18218 3.697768016781044e-03
-4.16797 3.675753000879043e-03
-4.15375 3.654309545386875e-03
-4.13954 3.633743768778582e-03
-4.12533 3.614554977023029e-03
-4.11111 3.597553377162513e-03
-4.09690 3.584025569161969e-03
-4.08268 3.575933636112351e-03
-4.06847 3.576102190097078e-03
-4.05425 3.588369247112224e-03
-4.04004 3.619377614520967e-03
-4.02583 3.689784490530832e-03
-4.01161 3.808220807027401e-03
-3.99740 3.898315452605544e-03
-3.98318 3.971758569277493e-03
-3.96897 4.078750358365859e-03
-3.95475 4.189972887340795e-03
-3.94054 4.290135061530130e-03
-3.92633 4.385222767346280e-03
-3.91211 4.485612961695797e-03
-3.89790 4.596922371347569e-03
-3.88368 4.718994516425314e-03
-3.86947 4.849915461480380e-03
-3.85526 4.989177230253665e-03
-3.84104 5.138184962381851e-03
-3.82683 5.299787265710658e-03
-3.81261 5.477982487523898e-03
-3.79840 5.676269029059895e-03
-3.78418 5.892109623969742e-03
-3.76997 6.109812368282942e-03
-3.75576 6.301564619357650e-03
-3.74154 6.442941728609332e-03
-3.72733 6.531626284374220e-03
-3.71311 6.589119497961021e-03
-3.69890 6.642682279761849e-03
-3.68468 6.706760708965548e-03
-3.67047 6.779964778172709e-03
-3.65626 6.854024734954167e-03
-3.64204 6.922471392066421e-03
-3.62783 6.983358455866334e-03
-3.61361 7.037963622713454e-03
-3.59940 7.088756474105780e-03
-3.58519 7.138068239358498e-03
-3.57097 7.187520076601566e-03
-3.55676 7.237928216094064e-03
-3.54254 7.289458576639952e-03
-3.52833 7.341878209646677e-03
-3.51411 7.394798571092269e-03
-3.49990 7.447849381065125e-03
-3.48569 7.500764897383502e-03
-3.47147 7.553396884296184e-03
-3.45726 7.605683986892003e-03
-3.44304 7.657607366761021e-03
-3.42883 7.709153834238562e-03
-3.41461 7.760296872962349e-03
-3.40040 7.810996897434102e-03
-3.38619 7.861216189625419e-03
-3.37197 7.910941069489119e-03
-3.35776 7.960203318019221e-03
-3.34354 8.009094051469025e-03
-3.32933 8.057765583124351e-03
-3.31512 8.106419753704866e-03
-3.30090 8.155284192886627e-03
-3.28669 8.204580460743814e-03
-3.27247 8.254489607761649e-03
-3.25826 8.305121182529010e-03
-3.24404 8.356491117523688e-03
-3.22983 8.408512425186213e-03
-3.21562 8.461000547328556e-03
-3.20140 8.513692883848690e-03
-3.18719 8.566279844021843e-03
-3.17297 8.618443034446885e-03
-3.15876 8.669895165431362e-03
-3.14454 8.720416063854349e-03
-3.13033 8.769879845891141e-03
-3.11612 8.818269718233192e-03
-3.10190 8.865678810965217e-03
-3.08769 8.912297576805905e-03
-3.07347 8.958390257113509e-03
-3.05926 9.004264376967962e-03
-3.04505 9.050237944262686e-03
-3.03083 9.096608892107224e-03
-3.01662 9.143630394119190e-03
-3.00240 9.191494235792836e-03
-2.98819 9.240322795315349e-03
-2.97397 9.290168765353046e-03
-2.95976 9.341020869689999e-03
-2.94555 9.392813686597867e-03
-2.93133 9.445440265851398e-03
-2.91712 9.498767268156218e-03
-2.90290 9.552653419261302e-03
-2.88869 9.606972618653927e-03
-2.87447 9.661642609239242e-03
-2.86026 9.716658508521428e-03
-2.84605 9.772127980248894e-03
-2.83183 9.828302120677677e-03
-2.81762 9.885594195155733e-03
-2.80340 9.944577789724129e-03
-2.78919 1.000595644532300e-02
-2.77497 1.007049744978930e-02
-2.76076 1.013892314497461e-02
-2.74655 1.021175705973268e-02
-2.73233 1.028913588578676e-02
-2.71812 1.037062604940003e-02
-2.70390 1.045511774769782e-02
-2.68969 1.054088677757266e-02
-2.67548 1.062590191093946e-02
-2.66126 1.070855117697160e-02
-2.64705 1.079012687426890e-02
-2.63283 1.088396834761885e-02
-2.61862 1.102316619706546e-02
-2.60440 1.120584490300129e-02
-2.59019 1.134266699210896e-02
-2.57598 1.140929760677912e-02
-2.56176 1.148026625648438e-02
-2.54755 1.157121265303820e-02
-2.53333 1.165611591924418e-02
-2.51912 1.172623859642412e-02
-2.50490 1.178915075152963e-02
-2.49069 1.185430953420796e-02
-2.47648 1.192461054232915e-02
-2.46226 1.199681811671305e-02
-2.44805 1.206636131863471e-02
-2.43383 1.213084478178567e-02
-2.41962 1.219072582314475e-02
-2.40541 1.224823081950573e-02
-2.39119 1.230572229379003e-02
-2.37698 1.236438691903561e-02
-2.36276 1.242381308836538e-02
-2.34855 1.248251732256825e-02
-2.33433 1.253896515749933e-02
-2.32012 1.259246062881710e-02
-2.30591 1.264347995105746e-02
-2.29169 1.269338288622139e-02
-2.27748 1.274372930007261e-02
-2.26326 1.279555199093182e-02
-2.24905 1.284889090118301e-02
-2.23483 1.290274116212692e-02
-2.22062 1.295538999994004e-02
-2.20641 1.300498377706231e-02
-2.19219 1.305011228189545e-02
-2.17798 1.309022306063941e-02
-2.16376 1.312575851425840e-02
-2.14955 1.315800662457814e-02
-2.13534 1.318873981234058e-02
-2.12112 1.321976457573310e-02
-2.10691 1.325251065523143e-02
-2.09269 1.328775874592814e-02
-2.07848 1.332555484155487e-02
-2.06426 1.336530456250475e-02
-2.05005 1.340599730366490e-02
-2.03584 1.344648680331332e-02
-2.02162 1.348575373935680e-02
-2.00741 1.352309310198002e-02
-1.99319 1.355819664460078e-02
-1.97898 1.359113009346054e-02
-1.96476 1.362222882745745e-02
-1.95055 1.365195000404921e-02
-1.93634 1.368072230443350e-02
-1.92212 1.370882800859395e-02
-1.90791 1.373633920467557e-02
-1.89369 1.376311454255313e-02
-1.87948 1.378884877027415e-02
-1.86527 1.381315710086504e-02
-1.85105 1.383567168300697e-02
-1.83684 1.385612818035486e-02
-1.82262 1.387442566854188e-02
-1.80841 1.389065097218529e-02
-1.79419 1.390506714348320e-02
-1.77998 1.391807314305658e-02
-1.76577 1.393014654519052e-02
-1.75155 1.394178260146460e-02
-1.73734 1.395344138259186e-02
-1.72312 1.396551076322488e-02
-1.70891 1.397828792257879e-02
-1.69469 1.399197712174927e-02
-1.68048 1.400669792046934e-02
-1.66627 1.402249644026537e-02
-1.65205 1.403935297670312e-02
-1.63784 1.405718189957715e-02
-1.62362 1.407582361826815e-02
-1.60941 1.409503242238139e-02
-1.59520 1.411446715243674e-02
-1.58098 1.413369296422563e-02
-1.56677 1.415220131939413e-02
-1.55255 1.416945168524789e-02
-1.53834 1.418493282076388e-02
-1.52412 1.419823515913606e-02
-1.50991 1.420912031933165e-02
-1.49570 1.421757092876855e-02
-1.48148 1.422380505984556e-02
-1.46727 1.422824516539915e-02
-1.45305 1.423144082843237e-02
-1.43884 1.423395626044445e-02
-1.42462 1.423624488202384e-02
-1.41041 1.423854163546734e-02
-1.39620 1.424080571148493e-02
-1.38198 1.424273879930447e-02
-1.36777 1.424388452140678e-02
-1.35355 1.424378505282128e-02
-1.33934 1.424214031557172e-02
-1.32513 1.423890126473694e-02
-1.31091 1.423425133339763e-02
-1.29670 1.422849701576284e-02
-1.28248 1.422197993677780e-02
-1.26827 1.421517412340886e-02
-1.25405 1.420902366227769e-02
-1.23984 1.420520261741245e-02
-1.22563 1.420553926482701e-02
-1.21141 1.421011093140110e-02
-1.19720 1.421503216047347e-02
-1.18298 1.421211055516104e-02
-1.16877 1.419061297013982e-02
-1.15455 1.413972209658017e-02
-1.14034 1.405730979582009e-02
-1.12613 1.397031284346151e-02
-1.11191 1.391934030149154e-02
-1.09770 1.370269209217565e-02
-1.08348 1.329375497917665e-02
-1.06927 1.295074959427852e-02
-1.05506 1.265504025225446e-02
-1.04084 1.237977670389521e-02
-1.02663 1.213780258942633e-02
-1.01241 1.193456199854094e-02
-0.99820 1.175515545828349e-02
-0.98398 1.158065604790404e-02
-0.96977 1.140163177030737e-02
-0.95556 1.122022652244520e-02
-0.94134 1.104385589876532e-02
-0.92713 1.087797905227491e-02
-0.91291 1.072300895057753e-02
-0.89870 1.057564082335405e-02
-0.88448 1.043197749393947e-02
-0.87027 1.028972002630206e-02
-0.85606 1.014843484977308e-02
-0.84184 1.000860504154753e-02
-0.82763 9.870633105370270e-03
-0.81341 9.734436672851187e-03
-0.79920 9.599587462272583e-03
-0.78498 9.465619374197723e-03
-0.77077 9.332220411176437e-03
-0.75656 9.199257114701568e-03
-0.74234 9.066711008532267e-03
-0.72813 8.934617999306175e-03
-0.71391 8.803082773536043e-03
-0.69970 8.672388619746171e-03
-0.68549 8.543112728133987e-03
-0.67127 8.416088418097281e-03
-0.65706 8.292153024616410e-03
-0.64284 8.171811555752464e-03
-0.62863 8.055015472790720e-03
-0.61441 7.941132800114841e-03
-0.60020 7.829045223384760e-03
-0.58599 7.717318885192742e-03
-0.57177 7.604483450200806e-03
-0.55756 7.489423810852631e-03
-0.54334 7.371732636546685e-03
-0.52913 7.251808299301560e-03
-0.51491 7.130650187984254e-03
-0.50070 7.009531877934177e-03
-0.48649 6.889736866597081e-03
-0.47227 6.772313898286241e-03
-0.45806 6.657683158622079e-03
-0.44384 6.545162296560545e-03
-0.42963 6.432852505650049e-03
-0.41542 6.318279887191310e-03
-0.40120 6.199561846852565e-03
-0.38699 6.076270496870856e-03
-0.37277 5.949365849604693e-03
-0.35856 5.820492582897726e-03
-0.34434 5.691556647879310e-03
-0.33013 5.564970187366696e-03
-0.31592 5.443699260161226e-03
-0.30170 5.329834317953339e-03
-0.28749 5.221920585544577e-03
-0.27327 5.113448168660822e-03
-0.25906 4.994666143153953e-03
-0.24484 4.856628138570375e-03
-0.23063 4.694156918379143e-03
-0.21642 4.506764487634578e-03
-0.20220 4.300321713037208e-03
-0.18799 4.090981872176376e-03
-0.17377 3.905754414216347e-03
-0.15956 3.769931822182742e-03
-0.14535 3.682946315874948e-03
-0.13113 3.606407377009816e-03
-0.11692 3.485725024759076e-03
-0.10270 3.287383651323345e-03
-0.08849 3.014279323084906e-03
-0.07427 2.701345061110414e-03
-0.06006 2.456594049601756e-03
-0.04585 2.499413722526463e-03
-0.03163 2.691699790089546e-03
-0.01742 2.320584354001015e-03
-0.00320 1.494621341722051e-03
0.01101 9.139007812886574e-04
0.02523 6.325669818290186e-04
0.03944 4.648005264196520e-04
0.05365 3.427881092205385e-04
0.06787 2.523696966618823e-04
0.08208 1.862482612733768e-04
0.09630 1.381284109062380e-04
0.11051 1.029749921595161e-04
0.12472 7.710235476153748e-05
0.13894 5.793317241879384e-05
0.15315 4.367398617310624e-05
0.16737 3.304983076370178e-05
0.18158 2.512994717129168e-05
0.19580 1.922331680926492e-05
0.21001 1.481473536813703e-05
0.22422 1.152175945318263e-05
0.23844 9.062947261600391e-06
0.25265 7.233524899809070e-06
0.26687 5.886869687348234e-06
0.28108 4.920852006880760e-06
0.29530 4.268244689656017e-06
0.30951 3.890525923033457e-06
0.32372 3.774562330288686e-06
0.33794 3.931855249171594e-06
0.35215 4.400250794781452e-06
0.36637 5.248257342250615e-06
0.38058 6.582408562252109e-06
0.39479 8.558501103495521e-06
0.40901 1.139807977471056e-05
0.42322 1.541228609859118e-05
0.43744 2.103611779724528e-05
0.45165 2.887711548280822e-05
0.46587 3.978308882247447e-05
0.48008 5.493293977037567e-05
0.49429 7.595179708046452e-05
0.50851 1.050454507358211e-04
0.52272 1.451400322585471e-04
0.53694 2.000082245686466e-04
0.55115 2.743871047836520e-04
0.56537 3.741875676208276e-04
0.57958 5.070639179107689e-04
0.59379 6.837910364646785e-04
0.60801 9.216613971099004e-04
0.62222 1.252993936201572e-03
0.63644 1.730901457648337e-03
0.65065 3.593731468112174e-03
0.66486 3.589045072524743e-03
0.67908 3.602310998843909e-03
0.69329 3.898899649975835e-03
0.70751 4.159281561822298e-03
0.72172 4.549543924142312e-03
0.73594 5.073328671881651e-03
0.75015 5.669015978162493e-03
0.76436 6.295323700553152e-03
0.77858 6.941976784980784e-03
0.79279 7.607074527572989e-03
0.80701 8.267873718281442e-03
0.82122 8.879512653649960e-03
0.83544 9.407341604745368e-03
0.84965 9.847770506117346e-03
0.86386 1.021954963879662e-02
0.87808 1.055527726384985e-02
0.89229 1.089510038986122e-02
0.90651 1.126543937668193e-02
0.92072 1.166307512488215e-02
0.93493 1.206660451084810e-02
0.94915 1.245837325365142e-02
0.96336 1.283354322228742e-02
0.97758 1.319564969236882e-02
0.99179 1.354939931438728e-02
1.00601 1.389736732077301e-02
1.02022 1.424096353042350e-02
1.03443 1.458298344083652e-02
1.04865 1.492903944267343e-02
1.06286 1.528740794909520e-02
1.07708 1.567923029091471e-02
1.09129 1.623554416902458e-02
1.10551 1.737935261189388e-02
1.11972 1.853650224740428e-02
1.13393 1.819855495910578e-02
1.14815 1.839833727288081e-02
1.16236 1.884919041660047e-02
1.17658 1.925298246382428e-02
1.19079 1.962047283656225e-02
1.20501 2.003266533709400e-02
1.21922 2.048860761395502e-02
1.23343 2.092602512534068e-02
1.24765 2.131269411503059e-02
1.26186 2.167577007446160e-02
1.27608 2.205470767596063e-02
1.29029 2.246177201073003e-02
1.30450 2.288604971190279e-02
1.31872 2.331143574875827e-02
1.33293 2.372656314387362e-02
1.34715 2.412753382308211e-02
1.36136 2.451715913616416e-02
1.37558 2.490201144038622e-02
1.38979 2.528872295128391e-02
1.40400 2.568119543322208e-02
1.41822 2.607967543922143e-02
1.43243 2.648164812347636e-02
1.44665 2.688377029528728e-02
1.46086 2.728381995634819e-02
1.47508 2.768185757166253e-02
1.48929 2.808027951424803e-02
1.50350 2.848294598236632e-02
1.51772 2.889388695153580e-02
1.53193 2.931614763731726e-02
1.54615 2.975116573754048e-02
1.56036 3.019879212777770e-02
1.57457 3.065780744827358e-02
1.58879 3.112664158502272e-02
1.60300 3.160399654809509e-02
1.61722 3.208917300062502e-02
1.63143 3.258204695286025e-02
1.64565 3.308277910626400e-02
1.65986 3.359142744452682e-02
1.67407 3.410765846598001e-02
1.68829 3.463071678767832e-02
1.70250 3.515973270297038e-02
1.71672 3.569434654792899e-02
1.73093 3.623553349008168e-02
1.74515 3.678644451413389e-02
1.75936 3.735305125336659e-02
1.77357 3.794439393894175e-02
1.78779 3.857227275417348e-02
1.80200 3.925027976681789e-02
1.81622 3.999213586219031e-02
1.83043 4.080938689209498e-02
1.84464 4.170865379525151e-02
1.85886 4.268884242348085e-02
1.87307 4.373895834898864e-02
1.88729 4.483727991210376e-02
1.90150 4.595237938250162e-02
1.91572 4.704579655846925e-02
1.92993 4.807559044440574e-02
1.94414 4.900055084733036e-02
1.95836 4.978698046942499e-02
1.97257 5.042173991127000e-02
1.98679 5.093150550087869e-02
2.00100 5.139364690761591e-02
2.01522 5.189797628766067e-02
2.02943 5.241940639601585e-02
2.04364 5.273242011457965e-02
2.05786 5.264790699723493e-02
2.07207 5.231504128883541e-02
2.08629 5.201190399938820e-02
2.10050 5.178683546782485e-02
2.11471 5.151923889513385e-02
2.12893 5.114227131014534e-02
2.14314 5.069549380579171e-02
2.15736 5.025570469679985e-02
2.17157 4.988374629942637e-02
2.18579 4.963942971827539e-02
2.20000 4.962286596243945e-02
