  300.00 -12.00000  6.59422e+03  6.64809e+03  6.64809e+03 -6.64104e+01 -6.64104e+01  7.26025e+01
  300.00 -11.97154  1.83316e+04  1.84806e+04  1.84806e+04 -1.83784e+02 -1.83784e+02  2.00604e+02
  300.00 -11.94309  5.07988e+04  5.12095e+04  5.12095e+04 -5.06788e+02 -5.06788e+02  5.52212e+02
  300.00 -11.91463  1.40284e+05  1.41412e+05  1.41412e+05 -1.39204e+03 -1.39204e+03  1.51391e+03
  300.00 -11.88617  3.85952e+05  3.89034e+05  3.89034e+05 -3.80734e+03 -3.80734e+03  4.13191e+03
  300.00 -11.85772  1.05749e+06  1.06588e+06  1.06588e+06 -1.03647e+04 -1.03647e+04  1.12217e+04
  300.00 -11.82926  2.88448e+06  2.90718e+06  2.90718e+06 -2.80698e+04 -2.80698e+04  3.03103e+04
  300.00 -11.80080  7.82905e+06  7.89012e+06  7.89012e+06 -7.55834e+04 -7.55833e+04  8.13723e+04
  300.00 -11.77234  2.11335e+07  2.12967e+07  2.12967e+07 -2.02221e+05 -2.02221e+05  2.16968e+05
  300.00 -11.74389  5.67003e+07  5.71336e+07  5.71336e+07 -5.37149e+05 -5.37149e+05  5.74069e+05
  300.00 -11.71543  1.51091e+08  1.52231e+08  1.52231e+08 -1.41521e+06 -1.41521e+06  1.50563e+06
  300.00 -11.68697  3.99536e+08  4.02508e+08  4.02508e+08 -3.69407e+06 -3.69406e+06  3.90921e+06
  300.00 -11.65852  1.04734e+09  1.05500e+09  1.05500e+09 -9.53973e+06 -9.53972e+06  1.00317e+07
  300.00 -11.63006  2.71825e+09  2.73775e+09  2.73775e+09 -2.43306e+07 -2.43306e+07  2.53906e+07
  300.00 -11.60160  6.97412e+09  7.02300e+09  7.02300e+09 -6.11492e+07 -6.11492e+07  6.32168e+07
  300.00 -11.57315  1.76542e+10  1.77745e+10  1.77745e+10 -1.51008e+08 -1.51007e+08  1.54281e+08
  300.00 -11.54469  4.39846e+10  4.42741e+10  4.42741e+10 -3.65016e+08 -3.65016e+08  3.67283e+08
  300.00 -11.51623  1.07511e+11  1.08188e+11  1.08189e+11 -8.59082e+08 -8.59081e+08  8.46937e+08
  300.00 -11.48778  2.56711e+11  2.58237e+11  2.58237e+11 -1.95360e+09 -1.95360e+09  1.87152e+09
  300.00 -11.45932  5.95203e+11  5.98473e+11  5.98473e+11 -4.24184e+09 -4.24184e+09  3.89195e+09
  300.00 -11.43086  1.32829e+12  1.33479e+12  1.33479e+12 -8.61849e+09 -8.61848e+09  7.35449e+09
  300.00 -11.40240  2.81489e+12  2.82627e+12  2.82627e+12 -1.57768e+10 -1.57768e+10  1.16015e+10
  300.00 -11.37395  5.54854e+12  5.56386e+12  5.56386e+12 -2.41133e+10 -2.41133e+10  1.10622e+10
  300.00 -11.34549  9.90987e+12  9.91817e+12  9.91817e+12 -2.72216e+10 -2.72216e+10 -1.09572e+10
  300.00 -11.31703  1.58125e+13  1.57961e+13  1.57961e+13 -2.96061e+10 -2.96060e+10 -5.69725e+10
  300.00 -11.28858  2.28572e+13  2.28735e+13  2.28735e+13 -6.37967e+10 -6.37967e+10 -2.76174e+10
  300.00 -11.26012  3.15876e+13  3.17305e+13  3.17305e+13 -8.03641e+10 -8.03642e+10  8.92555e+10
  300.00 -11.23166  4.31975e+13  4.32496e+13  4.32496e+13 -9.32557e+10 -9.32559e+10  1.01142e+11
  300.00 -11.20321  5.36329e+13  5.34831e+13  5.34831e+13 -1.35579e+11 -1.35579e+11 -4.15902e+10
  300.00 -11.17475  6.81858e+13  6.80734e+13  6.80734e+13 -7.63821e+10 -7.63822e+10 -2.58506e+11
  300.00 -11.14629  9.08296e+13  9.07194e+13  9.07194e+13  8.45801e+10  8.45802e+10 -1.93232e+11
  300.00 -11.11784  1.09609e+14  1.09498e+14  1.09498e+14 -4.04830e+10 -4.04827e+10  2.10682e+11
  300.00 -11.08938  1.15482e+14  1.15727e+14  1.15727e+14 -1.35160e+11 -1.35161e+11  4.56074e+11
  300.00 -11.06092  1.39773e+14  1.40042e+14  1.40042e+14  2.08399e+11  2.08399e+11  1.69002e+11
  300.00 -11.03246  1.79294e+14  1.79186e+14  1.79186e+14  2.36896e+11  2.36896e+11 -3.74859e+11
  300.00 -11.00401  2.09820e+14  2.09417e+14  2.09417e+14  2.09618e+10  2.09608e+10 -4.71331e+11
  300.00 -10.97555  2.12105e+14  2.11940e+14  2.11940e+14  2.35649e+10  2.35658e+10  1.77465e+11
  300.00 -10.94709  2.16204e+14  2.15998e+14  2.15998e+14  1.23203e+11  1.23206e+11  3.72683e+11
  300.00 -10.91864  2.60186e+14  2.59914e+14  2.59914e+14  5.73311e+10  5.73319e+10  8.52452e+10
  300.00 -10.89018  3.28130e+14  3.29012e+14  3.29012e+14  3.66071e+11  3.66071e+11  4.74128e+11
  300.00 -10.86172  3.46081e+14  3.47544e+14  3.47544e+14  5.19057e+11  5.19056e+11  3.76649e+11
  300.00 -10.83327  3.50182e+14  3.50417e+14  3.50417e+14  3.10229e+11  3.10227e+11 -1.18765e+10
  300.00 -10.80481  3.76058e+14  3.74621e+14  3.74621e+14 -2.90700e+10 -2.90717e+10 -1.69057e+11
  300.00 -10.77635  3.94642e+14  3.93373e+14  3.93373e+14  2.26103e+11  2.26105e+11 -1.21534e+11
  300.00 -10.74790  4.13084e+14  4.13537e+14  4.13537e+14  3.65677e+11  3.65680e+11  1.56793e+11
  300.00 -10.71944  5.09459e+14  5.10866e+14  5.10866e+14 -5.40529e+11 -5.40528e+11 -5.20195e+10
  300.00 -10.69098  5.81839e+14  5.82453e+14  5.82453e+14 -3.01622e+11 -3.01620e+11 -6.19998e+09
  300.00 -10.66253  5.72534e+14  5.72571e+14  5.72571e+14  5.11554e+11  5.11559e+11  9.29011e+10
  300.00 -10.63407  5.40582e+14  5.40128e+14  5.40128e+14  3.30381e+11  3.30382e+11  2.77398e+11
  300.00 -10.60561  5.56295e+14  5.55923e+14  5.55923e+14 -2.27526e+11 -2.27530e+11  2.64121e+11
  300.00 -10.57715  6.46787e+14  6.46979e+14  6.46979e+14 -7.55015e+11 -7.55022e+11  6.39392e+11
  300.00 -10.54870  7.01710e+14  7.01180e+14  7.01180e+14 -3.47094e+11 -3.47099e+11 -1.82762e+11
  300.00 -10.52024  7.43394e+14  7.43059e+14  7.43059e+14 -5.14625e+11 -5.14624e+11 -1.43382e+12
  300.00 -10.49178  8.46668e+14  8.47995e+14  8.47995e+14 -6.51904e+11 -6.51902e+11  8.05879e+11
  300.00 -10.46333  8.69640e+14  8.71246e+14  8.71246e+14 -1.00225e+12 -1.00224e+12  1.69213e+12
  300.00 -10.43487  7.66787e+14  7.65969e+14  7.65969e+14 -9.26892e+11 -9.26890e+11 -5.60364e+11
  300.00 -10.40641  7.81452e+14  7.79287e+14  7.79287e+14  2.99693e+11  2.99686e+11 -9.33355e+11
  300.00 -10.37796  9.09532e+14  9.09935e+14  9.09935e+14  5.20774e+11  5.20769e+11 -3.01810e+11
  300.00 -10.34950  1.04151e+15  1.04271e+15  1.04271e+15 -6.62627e+11 -6.62637e+11 -6.77243e+11
  300.00 -10.32104  1.02690e+15  1.02642e+15  1.02642e+15 -1.45781e+12 -1.45781e+12  2.87252e+11
  300.00 -10.29259  9.97112e+14  9.96184e+14  9.96184e+14 -1.14202e+11 -1.14195e+11  3.18856e+11
  300.00 -10.26413  1.14487e+15  1.14431e+15  1.14431e+15  8.23285e+11  8.23294e+11 -8.59590e+11
  300.00 -10.23567  1.21885e+15  1.21824e+15  1.21824e+15 -2.03028e+11 -2.03025e+11 -7.68301e+11
  300.00 -10.20721  1.15601e+15  1.15666e+15  1.15666e+15 -7.58523e+10 -7.58551e+10 -4.85686e+11
  300.00 -10.17876  1.16838e+15  1.16905e+15  1.16905e+15  7.71204e+11  7.71197e+11 -8.70677e+11
  300.00 -10.15030  1.21689e+15  1.21549e+15  1.21549e+15  8.07925e+10  8.07913e+10 -8.34239e+11
  300.00 -10.12184  1.21499e+15  1.21506e+15  1.21506e+15 -8.66651e+10 -8.66686e+10  9.35793e+11
  300.00 -10.09339  1.33647e+15  1.33769e+15  1.33769e+15  3.09207e+11  3.09206e+11  8.60045e+11
  300.00 -10.06493  1.54008e+15  1.53921e+15  1.53921e+15  4.54587e+11  4.54590e+11 -4.40010e+11
  300.00 -10.03647  1.55280e+15  1.55251e+15  1.55251e+15  1.38536e+12  1.38537e+12 -5.46758e+11
  300.00 -10.00802  1.48134e+15  1.48235e+15  1.48235e+15  1.52443e+12  1.52445e+12  1.99152e+12
  300.00 -9.97956  1.49761e+15  1.50002e+15  1.50002e+15 -4.44001e+11 -4.44001e+11  1.96891e+12
  300.00 -9.95110  1.52888e+15  1.53014e+15  1.53014e+15 -1.40692e+12 -1.40693e+12  2.12638e+11
  300.00 -9.92265  1.62091e+15  1.61983e+15  1.61983e+15  3.57915e+11  3.57912e+11  2.03729e+11
  300.00 -9.89419  1.67132e+15  1.67010e+15  1.67010e+15  2.13249e+12  2.13251e+12  1.61430e+12
  300.00 -9.86573  1.57841e+15  1.57837e+15  1.57837e+15  3.12395e+11  3.12402e+11  1.72400e+12
  300.00 -9.83727  1.71903e+15  1.72060e+15  1.72060e+15 -1.51486e+12 -1.51487e+12  1.28247e+11
  300.00 -9.80882  2.03041e+15  2.03095e+15  2.03095e+15 -6.72446e+11 -6.72456e+11 -4.96181e+10
  300.00 -9.78036  2.07472e+15  2.07336e+15  2.07336e+15 -3.20997e+11 -3.20994e+11  1.00002e+12
  300.00 -9.75190  1.82810e+15  1.82918e+15  1.82918e+15  1.93649e+10  1.93763e+10  2.94473e+12
  300.00 -9.72345  1.73893e+15  1.74093e+15  1.74093e+15  6.00491e+11  6.00484e+11  2.42081e+12
  300.00 -9.69499  1.94921e+15  1.94778e+15  1.94778e+15 -2.96532e+10 -2.96671e+10 -5.69916e+11
  300.00 -9.66653  2.13165e+15  2.12837e+15  2.12837e+15  4.81960e+10  4.81949e+10 -3.04317e+12
  300.00 -9.63808  2.14812e+15  2.14827e+15  2.14827e+15 -9.85134e+10 -9.85101e+10 -9.96098e+11
  300.00 -9.60962  2.07702e+15  2.07942e+15  2.07942e+15  2.75058e+11  2.75054e+11  1.82226e+12
  300.00 -9.58116  2.06995e+15  2.06961e+15  2.06961e+15  8.35338e+11  8.35343e+11  1.41217e+11
  300.00 -9.55271  2.22495e+15  2.22548e+15  2.22548e+15  8.21248e+11  8.21256e+11 -1.89125e+12
  300.00 -9.52425  2.39536e+15  2.39650e+15  2.39650e+15  7.37821e+11  7.37815e+11 -2.14994e+12
  300.00 -9.49579  2.38459e+15  2.38209e+15  2.38209e+15 -9.86448e+11 -9.86454e+11 -1.07302e+12
  300.00 -9.46733  2.23685e+15  2.23351e+15  2.23351e+15 -2.38976e+12 -2.38977e+12  2.29766e+11
  300.00 -9.43888  2.34358e+15  2.34304e+15  2.34304e+15 -2.34594e+11 -2.34599e+11 -8.11958e+11
  300.00 -9.41042  2.49638e+15  2.49707e+15  2.49707e+15  1.91386e+12  1.91387e+12 -2.85021e+12
  300.00 -9.38196  2.48256e+15  2.48451e+15  2.48451e+15  2.69879e+12  2.69879e+12 -5.17047e+12
  300.00 -9.35351  2.42649e+15  2.42660e+15  2.42660e+15 -8.36793e+11 -8.36797e+11 -3.55538e+12
  300.00 -9.32505  2.36513e+15  2.36285e+15  2.36285e+15 -3.87306e+12 -3.87307e+12  7.63028e+11
  300.00 -9.29659  2.45046e+15  2.44893e+15  2.44893e+15 -7.89491e+11 -7.89497e+11  1.49070e+12
  300.00 -9.26814  2.74677e+15  2.74794e+15  2.74794e+15  1.54137e+12  1.54138e+12 -1.36041e+11
  300.00 -9.23968  2.72802e+15  2.72974e+15  2.72974e+15  1.32344e+12  1.32346e+12 -1.30850e+12
  300.00 -9.21122  2.63872e+15  2.63826e+15  2.63826e+15 -5.27707e+11 -5.27712e+11 -4.25976e+11
  300.00 -9.18277  2.68241e+15  2.68105e+15  2.68105e+15 -2.28264e+12 -2.28265e+12  3.17881e+11
  300.00 -9.15431  2.68209e+15  2.68279e+15  2.68279e+15 -1.54796e+12 -1.54796e+12  4.56136e+11
  300.00 -9.12585  2.52134e+15  2.52320e+15  2.52320e+15 -6.08883e+11 -6.08872e+11  3.57098e+11
  300.00 -9.09739  2.50039e+15  2.50317e+15  2.50317e+15 -3.09184e+11 -3.09179e+11  1.95675e+12
  300.00 -9.06894  2.65439e+15  2.65502e+15  2.65502e+15 -1.50118e+12 -1.50118e+12  7.21272e+11
  300.00 -9.04048  2.61048e+15  2.60821e+15  2.60821e+15 -1.50439e+12 -1.50440e+12  6.04748e+11
  300.00 -9.01202  2.78728e+15  2.78564e+15  2.78564e+15 -7.93440e+11 -7.93441e+11  1.01810e+12
  300.00 -8.98357  3.03418e+15  3.03353e+15  3.03353e+15 -5.93522e+11 -5.93514e+11  5.92201e+11
  300.00 -8.95511  2.76657e+15  2.76753e+15  2.76753e+15 -8.59862e+11 -8.59858e+11  1.66003e+12
  300.00 -8.92665  2.45481e+15  2.45766e+15  2.45766e+15 -7.40596e+11 -7.40604e+11  1.55847e+12
  300.00 -8.89820  2.55445e+15  2.55540e+15  2.55540e+15  6.12347e+11  6.12347e+11 -1.39035e+11
  300.00 -8.86974  2.78447e+15  2.78245e+15  2.78245e+15  9.44294e+11  9.44297e+11  1.82780e+11
  300.00 -8.84128  2.72432e+15  2.72274e+15  2.72274e+15 -2.60728e+10 -2.60720e+10  7.81513e+11
  300.00 -8.81283  2.54419e+15  2.54590e+15  2.54590e+15  1.41029e+11  1.41029e+11  1.66805e+12
  300.00 -8.78437  2.51442e+15  2.51716e+15  2.51716e+15 -1.19406e+11 -1.19406e+11  1.83958e+12
  300.00 -8.75591  2.67302e+15  2.67302e+15  2.67302e+15  5.50673e+11  5.50676e+11  1.08284e+12
  300.00 -8.72745  2.93659e+15  2.93509e+15  2.93509e+15  7.92073e+11  7.92077e+11  1.19938e+12
  300.00 -8.69900  2.86313e+15  2.86228e+15  2.86228e+15  1.59432e+12  1.59432e+12 -9.21815e+10
  300.00 -8.67054  2.47419e+15  2.47480e+15  2.47480e+15  1.48168e+12  1.48168e+12 -1.66328e+12
  300.00 -8.64208  2.38359e+15  2.38311e+15  2.38311e+15  3.76197e+11  3.76205e+11 -5.39271e+11
  300.00 -8.61363  2.59443e+15  2.59352e+15  2.59352e+15  6.76639e+11  6.76645e+11  1.57740e+12
  300.00 -8.58517  2.65975e+15  2.66109e+15  2.66109e+15  1.19906e+12  1.19906e+12  1.28862e+12
  300.00 -8.55671  2.49958e+15  2.49965e+15  2.49965e+15  1.58111e+12  1.58110e+12 -1.72359e+12
  300.00 -8.52826  2.52103e+15  2.51846e+15  2.51846e+15  2.22990e+12  2.22989e+12 -2.13037e+12
  300.00 -8.49980  2.50180e+15  2.50146e+15  2.50146e+15  1.68620e+12  1.68621e+12  2.48603e+11
  300.00 -8.47134  2.36439e+15  2.36521e+15  2.36521e+15  1.01925e+10  1.02021e+10  7.74696e+11
  300.00 -8.44289  2.59645e+15  2.59574e+15  2.59574e+15  5.54367e+10  5.54393e+10  8.26407e+11
  300.00 -8.41443  2.69492e+15  2.69399e+15  2.69399e+15  1.15846e+12  1.15845e+12  2.42452e+11
  300.00 -8.38597  2.35020e+15  2.35039e+15  2.35039e+15  1.97488e+12  1.97488e+12 -1.02128e+11
  300.00 -8.35752  2.17593e+15  2.17620e+15  2.17620e+15  9.18839e+11  9.18848e+11  2.96862e+11
  300.00 -8.32906  2.41690e+15  2.41738e+15  2.41738e+15 -1.08596e+12 -1.08596e+12  1.99986e+12
  300.00 -8.30060  2.43281e+15  2.43343e+15  2.43343e+15 -1.19320e+12 -1.19320e+12  1.83918e+12
  300.00 -8.27214  2.08348e+15  2.08282e+15  2.08282e+15 -5.03796e+11 -5.03795e+11  5.90209e+11
  300.00 -8.24369  2.09170e+15  2.09116e+15  2.09116e+15  1.11521e+12  1.11521e+12 -6.32062e+11
  300.00 -8.21523  2.21669e+15  2.21652e+15  2.21652e+15  1.31020e+11  1.31018e+11  7.08442e+11
  300.00 -8.18677  2.24499e+15  2.24588e+15  2.24588e+15 -9.95306e+11 -9.95305e+11  2.14841e+12
  300.00 -8.15832  2.34313e+15  2.34356e+15  2.34356e+15 -7.83289e+11 -7.83287e+11  1.68084e+12
  300.00 -8.12986  2.26072e+15  2.25823e+15  2.25823e+15 -1.91408e+11 -1.91409e+11  9.93388e+11
  300.00 -8.10140  2.00990e+15  2.00890e+15  2.00890e+15 -2.35604e+11 -2.35605e+11  4.56585e+11
  300.00 -8.07295  1.89524e+15  1.89713e+15  1.89713e+15 -9.62246e+11 -9.62247e+11  3.85319e+11
  300.00 -8.04449  1.76865e+15  1.76980e+15  1.76980e+15 -7.98035e+11 -7.98037e+11 -4.05679e+11
  300.00 -8.01603  1.77494e+15  1.77558e+15  1.77558e+15 -7.93763e+11 -7.93763e+11 -2.11030e+11
  300.00 -7.98758  1.87530e+15  1.87534e+15  1.87534e+15 -7.47437e+11 -7.47432e+11  1.16655e+12
  300.00 -7.95912  1.89125e+15  1.89065e+15  1.89065e+15 -8.93672e+10 -8.93635e+10  7.44265e+11
  300.00 -7.93066  1.72927e+15  1.72830e+15  1.72830e+15  6.31537e+10  6.31522e+10 -3.06490e+11
  300.00 -7.90220  1.66119e+15  1.66076e+15  1.66076e+15 -4.61678e+11 -4.61680e+11 -3.54106e+11
  300.00 -7.87375  1.79998e+15  1.80025e+15  1.80025e+15 -4.88587e+11 -4.88587e+11 -2.75051e+11
  300.00 -7.84529  1.76721e+15  1.76733e+15  1.76733e+15 -3.34448e+11 -3.34442e+11 -5.34912e+11
  300.00 -7.81683  1.38425e+15  1.38334e+15  1.38334e+15 -5.50481e+11 -5.50477e+11 -1.89834e+11
  300.00 -7.78838  1.05692e+15  1.05728e+15  1.05728e+15 -5.05058e+11 -5.05061e+11 -2.64915e+11
  300.00 -7.75992  1.21422e+15  1.21646e+15  1.21646e+15 -6.53063e+10 -6.53098e+10 -1.62579e+11
  300.00 -7.73146  1.39399e+15  1.39464e+15  1.39464e+15 -2.15651e+11 -2.15655e+11  1.28595e+12
  300.00 -7.70301  1.24929e+15  1.24827e+15  1.24827e+15  5.27484e+11  5.27477e+11  2.94370e+12
  300.00 -7.67455  9.62865e+14  9.62325e+14  9.62325e+14  2.48101e+12  2.48099e+12  5.96069e+12
  300.00 -7.64609  7.99720e+14  8.02756e+14  8.02756e+14  4.98132e+12  4.98127e+12  1.29557e+13
  300.00 -7.61764  8.01737e+14  8.08757e+14  8.08757e+14  9.79465e+12  9.79456e+12  2.70836e+13
  300.00 -7.58918  7.97844e+14  8.09945e+14  8.09945e+14  1.83831e+13  1.83830e+13  5.07962e+13
  300.00 -7.56072  7.21726e+14  7.42392e+14  7.42392e+14  2.78725e+13  2.78723e+13  8.15728e+13
  300.00 -7.53226  5.38692e+14  5.69476e+14  5.69475e+14  3.09525e+13  3.09524e+13  1.07506e+14
  300.00 -7.50381  3.89825e+14  4.26249e+14  4.26249e+14  2.91417e+13  2.91416e+13  1.22892e+14
  300.00 -7.47535  4.39237e+14  4.73466e+14  4.73466e+14  4.17297e+13  4.17296e+13  1.33270e+14
  300.00 -7.44689  4.85879e+14  5.16631e+14  5.16632e+14  3.83352e+13  3.83351e+13  1.21249e+14
  300.00 -7.41844  4.40629e+14  4.65897e+14  4.65897e+14  2.10766e+13  2.10764e+13  8.57129e+13
  300.00 -7.38998  4.53900e+14  4.77123e+14  4.77122e+14  2.98696e+13  2.98694e+13  8.94135e+13
  300.00 -7.36152  5.57377e+14  5.94460e+14  5.94460e+14  3.76117e+13  3.76116e+13  1.34233e+14
  300.00 -7.33307  6.78926e+14  7.16772e+14  7.16772e+14  3.42638e+13  3.42637e+13  1.32608e+14
  300.00 -7.30461  8.78107e+14  9.04040e+14  9.04040e+14  2.33357e+13  2.33357e+13  9.13675e+13
  300.00 -7.27615  1.17119e+15  1.18566e+15  1.18566e+15  1.31744e+13  1.31744e+13  5.15167e+13
  300.00 -7.24770  1.28230e+15  1.29027e+15  1.29027e+15  6.83354e+12  6.83354e+12  2.59809e+13
  300.00 -7.21924  9.74466e+14  9.78747e+14  9.78747e+14  3.34082e+12  3.34081e+12  1.22379e+13
  300.00 -7.19078  7.37066e+14  7.38024e+14  7.38024e+14  1.17650e+12  1.17650e+12  5.59550e+12
  300.00 -7.16232  9.12170e+14  9.10934e+14  9.10934e+14  2.12092e+11  2.12091e+11  2.48240e+12
  300.00 -7.13387  1.28978e+15  1.28899e+15  1.28899e+15  3.20054e+11  3.20057e+11  1.09093e+12
  300.00 -7.10541  1.54867e+15  1.54869e+15  1.54869e+15  5.62574e+11  5.62575e+11  3.27697e+11
  300.00 -7.07695  1.47388e+15  1.47393e+15  1.47393e+15  5.72352e+11  5.72349e+11  1.17766e+11
  300.00 -7.04850  1.44930e+15  1.44997e+15  1.44997e+15 -1.44737e+11 -1.44738e+11  5.57638e+11
  300.00 -7.02004  1.69197e+15  1.69278e+15  1.69278e+15 -3.77513e+11 -3.77507e+11  6.83226e+11
  300.00 -6.99158  2.04927e+15  2.04926e+15  2.04926e+15 -1.89071e+11 -1.89067e+11 -2.49418e+11
  300.00 -6.96313  2.14810e+15  2.14637e+15  2.14637e+15 -1.92642e+11 -1.92641e+11 -5.71564e+11
  300.00 -6.93467  1.36421e+15  1.36463e+15  1.36463e+15 -3.45544e+10 -3.45534e+10  3.73532e+11
  300.00 -6.90621  7.75908e+14  7.76186e+14  7.76186e+14  8.11174e+10  8.11200e+10  6.59312e+10
  300.00 -6.87776  1.69087e+15  1.69003e+15  1.69003e+15 -5.44960e+10 -5.44893e+10 -5.59367e+11
  300.00 -6.84930  2.41249e+15  2.41467e+15  2.41467e+15 -3.64734e+11 -3.64728e+11 -2.09536e+11
  300.00 -6.82084  2.27488e+15  2.27674e+15  2.27674e+15 -2.93372e+11 -2.93369e+11 -4.35208e+11
  300.00 -6.79238  2.00909e+15  2.00829e+15  2.00829e+15  8.84954e+10  8.84996e+10 -6.49645e+11
  300.00 -6.76393  1.99776e+15  1.99630e+15  1.99630e+15  2.60464e+11  2.60470e+11 -2.86074e+11
  300.00 -6.73547  2.11762e+15  2.11821e+15  2.11821e+15 -2.06809e+11 -2.06802e+11 -7.65514e+11
  300.00 -6.70701  2.24262e+15  2.24374e+15  2.24374e+15 -6.13446e+11 -6.13440e+11 -7.30922e+11
  300.00 -6.67856  2.18454e+15  2.18542e+15  2.18542e+15 -3.30645e+11 -3.30639e+11 -8.92170e+09
  300.00 -6.65010  1.97010e+15  1.97229e+15  1.97229e+15  1.70694e+11  1.70702e+11 -1.85642e+11
  300.00 -6.62164  1.94576e+15  1.94498e+15  1.94498e+15  6.22549e+11  6.22556e+11  1.00374e+09
  300.00 -6.59319  2.30994e+15  2.30780e+15  2.30780e+15  1.04372e+12  1.04372e+12 -4.06396e+11
  300.00 -6.56473  2.67094e+15  2.67133e+15  2.67133e+15  1.49834e+11  1.49837e+11  3.38742e+11
  300.00 -6.53627  2.86400e+15  2.86403e+15  2.86403e+15 -1.03552e+12 -1.03552e+12  4.83182e+12
  300.00 -6.50782  2.88953e+15  2.88827e+15  2.88827e+15 -3.83164e+11 -3.83159e+11  6.95694e+12
  300.00 -6.47936  2.72702e+15  2.72847e+15  2.72847e+15  1.38413e+12  1.38414e+12  2.44049e+12
  300.00 -6.45090  2.71475e+15  2.71818e+15  2.71818e+15  1.13369e+12  1.13369e+12 -6.83286e+10
  300.00 -6.42244  3.12449e+15  3.12017e+15  3.12017e+15  7.73131e+11  7.73130e+11  4.44059e+12
  300.00 -6.39399  3.42658e+15  3.42113e+15  3.42113e+15  9.32536e+11  9.32537e+11  6.83651e+12
  300.00 -6.36553  3.38233e+15  3.38545e+15  3.38545e+15 -1.20045e+12 -1.20045e+12  6.30476e+12
  300.00 -6.33707  3.18874e+15  3.19223e+15  3.19223e+15 -3.87815e+12 -3.87815e+12  4.04657e+12
  300.00 -6.30862  3.15113e+15  3.14382e+15  3.14382e+15  8.74351e+11  8.74337e+11  4.18484e+12
  300.00 -6.28016  3.65719e+15  3.65509e+15  3.65509e+15  4.43761e+12  4.43760e+12  3.23035e+12
  300.00 -6.25170  4.21235e+15  4.21758e+15  4.21758e+15  1.05129e+12  1.05130e+12  3.29312e+12
  300.00 -6.22325  3.95630e+15  3.96061e+15  3.96061e+15 -4.59928e+12 -4.59927e+12  4.44348e+12
  300.00 -6.19479  3.42143e+15  3.41689e+15  3.41689e+15 -2.90239e+12 -2.90241e+12 -3.08995e+11
  300.00 -6.16633  3.39094e+15  3.38443e+15  3.38443e+15  4.40869e+12  4.40868e+12 -2.99936e+12
  300.00 -6.13788  3.91519e+15  3.91785e+15  3.91785e+15  3.93767e+12  3.93768e+12  4.91469e+11
  300.00 -6.10942  4.14445e+15  4.14629e+15  4.14629e+15  2.29576e+12  2.29576e+12  4.96745e+12
  300.00 -6.08096  3.91647e+15  3.91557e+15  3.91557e+15 -2.52319e+12 -2.52321e+12  1.66245e+12
  300.00 -6.05251  3.65510e+15  3.65534e+15  3.65534e+15 -1.47009e+12 -1.47010e+12 -2.52644e+12
  300.00 -6.02405  3.72447e+15  3.72845e+15  3.72845e+15  2.16051e+12  2.16052e+12 -4.77345e+12
  300.00 -5.99559  3.78061e+15  3.78350e+15  3.78350e+15  3.85192e+12  3.85193e+12 -1.17457e+12
  300.00 -5.96713  3.84434e+15  3.83982e+15  3.83982e+15  4.48255e+12  4.48254e+12  5.33477e+12
  300.00 -5.93868  3.91620e+15  3.91588e+15  3.91588e+15 -1.77854e+12 -1.77855e+12  4.47617e+12
  300.00 -5.91022  3.84580e+15  3.85083e+15  3.85083e+15 -2.99009e+12 -2.99010e+12 -7.79329e+12
  300.00 -5.88176  4.01065e+15  4.01431e+15  4.01431e+15  2.51779e+12  2.51780e+12 -1.11858e+13
  300.00 -5.85331  4.14673e+15  4.14712e+15  4.14712e+15  2.78622e+12  2.78623e+12 -2.16920e+12
  300.00 -5.82485  3.99033e+15  3.98917e+15  3.98917e+15  4.79630e+11  4.79635e+11  6.83102e+12
  300.00 -5.79639  3.36209e+15  3.35851e+15  3.35851e+15 -1.69664e+11 -1.69663e+11  8.22269e+12
  300.00 -5.76794  3.05190e+15  3.04970e+15  3.04970e+15 -3.66505e+11 -3.66513e+11 -3.79085e+12
  300.00 -5.73948  3.68670e+15  3.68886e+15  3.68886e+15 -4.59397e+12 -4.59397e+12 -1.34776e+13
  300.00 -5.71102  4.59881e+15  4.60107e+15  4.60107e+15 -3.46179e+12 -3.46180e+12 -8.59413e+12
  300.00 -5.68257  4.65744e+15  4.65689e+15  4.65689e+15  2.31933e+12  2.31933e+12 -4.07997e+12
  300.00 -5.65411  3.75258e+15  3.75053e+15  3.75053e+15  7.60921e+12  7.60921e+12  3.18257e+12
  300.00 -5.62565  2.83094e+15  2.83176e+15  2.83176e+15  2.82674e+12  2.82674e+12  1.41820e+12
  300.00 -5.59719  2.84270e+15  2.84211e+15  2.84211e+15 -5.23538e+12 -5.23539e+12 -3.58909e+12
  300.00 -5.56874  3.79552e+15  3.79083e+15  3.79083e+15 -4.04376e+12 -4.04377e+12  1.34266e+12
  300.00 -5.54028  4.53497e+15  4.53631e+15  4.53631e+15 -2.63534e+12 -2.63534e+12 -5.14685e+12
  300.00 -5.51182  4.40096e+15  4.40507e+15  4.40507e+15  1.81319e+11  1.81314e+11 -9.10114e+12
  300.00 -5.48337  3.46810e+15  3.46853e+15  3.46853e+15  5.25519e+12  5.25520e+12 -4.29464e+12
  300.00 -5.45491  2.64632e+15  2.64164e+15  2.64164e+15  2.48695e+12  2.48696e+12  1.26524e+12
  300.00 -5.42645  3.22652e+15  3.22452e+15  3.22452e+15 -8.31328e+12 -8.31328e+12  1.12892e+12
  300.00 -5.39800  4.22493e+15  4.23038e+15  4.23038e+15 -2.34242e+12 -2.34243e+12  3.28450e+12
  300.00 -5.36954  3.88848e+15  3.89215e+15  3.89215e+15  6.34091e+12  6.34090e+12  3.48815e+12
  300.00 -5.34108  3.59709e+15  3.59068e+15  3.59068e+15  1.18845e+11  1.18842e+11 -1.24212e+12
  300.00 -5.31263  3.71538e+15  3.71267e+15  3.71267e+15 -7.57668e+12 -7.57667e+12 -1.03447e+13
  300.00 -5.28417  3.04524e+15  3.04725e+15  3.04725e+15 -4.31032e+12 -4.31031e+12 -1.04443e+13
  300.00 -5.25571  2.65649e+15  2.66004e+15  2.66004e+15 -2.33163e+12 -2.33163e+12  7.29530e+12
  300.00 -5.22725  3.60108e+15  3.60367e+15  3.60367e+15 -1.56428e+12 -1.56428e+12  9.85879e+12
  300.00 -5.19880  4.06308e+15  4.06008e+15  4.06008e+15 -8.96514e+11 -8.96512e+11 -1.21695e+12
  300.00 -5.17034  3.60304e+15  3.59804e+15  3.59804e+15  2.36021e+12  2.36022e+12 -3.96920e+12
  300.00 -5.14188  3.48385e+15  3.48463e+15  3.48463e+15  1.41764e+12  1.41763e+12 -3.17170e+12
  300.00 -5.11343  3.28488e+15  3.28410e+15  3.28410e+15 -5.57684e+12 -5.57685e+12 -1.22550e+13
  300.00 -5.08497  2.62112e+15  2.61668e+15  2.61668e+15 -4.88946e+12 -4.88946e+12 -1.04429e+13
  300.00 -5.05651  2.69052e+15  2.68672e+15  2.68672e+15 -4.00009e+11 -3.99992e+11  1.13467e+13
  300.00 -5.02806  3.46509e+15  3.46624e+15  3.46624e+15  1.83660e+12  1.83660e+12  9.02533e+12
  300.00 -4.99960  3.91610e+15  3.91916e+15  3.91916e+15  2.67404e+12  2.67402e+12  2.66477e+11
  300.00 -4.97114  3.96289e+15  3.95992e+15  3.95992e+15  2.06666e+11  2.06665e+11  3.46680e+11
  300.00 -4.94269  3.60939e+15  3.60701e+15  3.60701e+15 -2.63723e+12 -2.63722e+12 -3.95618e+12
  300.00 -4.91423  2.79235e+15  2.79308e+15  2.79308e+15 -3.22900e+12 -3.22901e+12 -1.28058e+13
  300.00 -4.88577  2.02534e+15  2.02817e+15  2.02817e+15 -2.76579e+11 -2.76592e+11 -6.93121e+12
  300.00 -4.85731  2.19395e+15  2.19925e+15  2.19925e+15  2.90013e+12  2.90013e+12  1.05923e+13
  300.00 -4.82886  3.25822e+15  3.26376e+15  3.26376e+15  1.13220e+12  1.13220e+12  1.00477e+13
  300.00 -4.80040  3.87554e+15  3.87876e+15  3.87876e+15  4.98753e+11  4.98756e+11  6.03676e+12
  300.00 -4.77194  3.71123e+15  3.70921e+15  3.70921e+15 -1.43828e+12 -1.43828e+12  4.78046e+12
  300.00 -4.74349  3.01689e+15  3.01595e+15  3.01595e+15 -5.33572e+12 -5.33572e+12 -3.58034e+12
  300.00 -4.71503  2.54018e+15  2.54368e+15  2.54368e+15 -6.58117e+12 -6.58119e+12 -1.09604e+13
  300.00 -4.68657  2.40262e+15  2.40455e+15  2.40455e+15  1.98087e+12  1.98086e+12 -2.25943e+10
  300.00 -4.65812  2.94528e+15  2.94838e+15  2.94838e+15  6.10538e+12  6.10538e+12  1.28929e+13
  300.00 -4.62966  3.38717e+15  3.38695e+15  3.38695e+15 -1.26431e+12 -1.26431e+12  4.78983e+12
  300.00 -4.60120  2.83463e+15  2.83149e+15  2.83149e+15 -5.23267e+12 -5.23268e+12 -6.67983e+12
  300.00 -4.57275  2.74725e+15  2.74544e+15  2.74544e+15  2.17428e+12  2.17428e+12  4.97529e+12
  300.00 -4.54429  3.33760e+15  3.33705e+15  3.33705e+15  1.24262e+12  1.24263e+12  7.90163e+12
  300.00 -4.51583  3.10352e+15  3.10395e+15  3.10395e+15 -8.45617e+12 -8.45617e+12 -7.30834e+11
  300.00 -4.48737  2.07827e+15  2.08067e+15  2.08067e+15 -4.18948e+12 -4.18949e+12 -2.18324e+12
  300.00 -4.45892  1.93149e+15  1.93279e+15  1.93279e+15  8.08041e+12  8.08040e+12 -7.03954e+11
  300.00 -4.43046  2.82848e+15  2.82668e+15  2.82668e+15  5.85119e+12  5.85120e+12 -3.09580e+11
  300.00 -4.40200  3.05463e+15  3.05145e+15  3.05145e+15 -3.62389e+12 -3.62388e+12 -1.49108e+12
  300.00 -4.37355  2.62735e+15  2.62557e+15  2.62557e+15 -2.83905e+12 -2.83904e+12  2.52648e+11
  300.00 -4.34509  2.66542e+15  2.66753e+15  2.66753e+15  4.38616e+12  4.38616e+12  3.46979e+12
  300.00 -4.31663  2.76784e+15  2.77108e+15  2.77108e+15  1.97790e+12  1.97789e+12  9.27873e+11
  300.00 -4.28818  2.69540e+15  2.69558e+15  2.69558e+15 -5.72812e+12 -5.72813e+12  7.65144e+11
  300.00 -4.25972  2.33055e+15  2.32936e+15  2.32936e+15 -4.25897e+12 -4.25897e+12  3.76089e+12
  300.00 -4.23126  2.13902e+15  2.13958e+15  2.13958e+15  7.06537e+12  7.06537e+12 -1.40495e+12
  300.00 -4.20281  2.59583e+15  2.59748e+15  2.59748e+15  6.52321e+12  6.52322e+12 -1.18729e+12
  300.00 -4.17435  2.98842e+15  2.99000e+15  2.99000e+15  2.14499e+12  2.14500e+12  2.58192e+12
  300.00 -4.14589  2.93132e+15  2.93298e+15  2.93298e+15 -1.37907e+12 -1.37907e+12  2.16710e+12
  300.00 -4.11743  2.50356e+15  2.50444e+15  2.50444e+15 -3.18036e+12 -3.18037e+12 -9.77714e+11
  300.00 -4.08898  2.23923e+15  2.23786e+15  2.23786e+15  1.91331e+12  1.91331e+12  2.08211e+12
  300.00 -4.06052  2.13038e+15  2.13269e+15  2.13269e+15 -4.10079e+11 -4.10082e+11  1.12251e+13
  300.00 -4.03206  1.67588e+15  1.67974e+15  1.67974e+15 -3.01508e+12 -3.01508e+12  6.85021e+12
  300.00 -4.00361  2.08991e+15  2.08682e+15  2.08682e+15  5.72234e+12  5.72235e+12 -5.55750e+12
  300.00 -3.97515  2.85502e+15  2.85140e+15  2.85140e+15  3.07582e+12  3.07582e+12 -8.10109e+11
  300.00 -3.94669  2.97930e+15  2.97866e+15  2.97866e+15 -1.03234e+12 -1.03235e+12  3.98994e+12
  300.00 -3.91824  2.80668e+15  2.80682e+15  2.80682e+15 -2.69054e+11 -2.69057e+11  2.77280e+11
  300.00 -3.88978  2.60117e+15  2.60008e+15  2.60008e+15 -3.85642e+11 -3.85647e+11 -1.94607e+12
  300.00 -3.86132  2.72593e+15  2.72435e+15  2.72435e+15 -1.30235e+12 -1.30235e+12  2.55535e+12
  300.00 -3.83287  2.90923e+15  2.90573e+15  2.90573e+15  7.49345e+11  7.49361e+11  9.30387e+12
  300.00 -3.80441  3.08888e+15  3.08483e+15  3.08483e+15  2.01884e+12  2.01885e+12  8.39795e+12
  300.00 -3.77595  3.43774e+15  3.43766e+15  3.43766e+15  2.82901e+11  2.82884e+11 -5.39953e+12
  300.00 -3.74749  3.53837e+15  3.54131e+15  3.54131e+15 -9.29852e+11 -9.29858e+11 -6.93814e+12
  300.00 -3.71904  3.56505e+15  3.56439e+15  3.56439e+15 -7.95164e+11 -7.95156e+11 -7.42639e+11
  300.00 -3.69058  3.94653e+15  3.93936e+15  3.93936e+15 -6.33751e+11 -6.33747e+11  8.21336e+12
  300.00 -3.66212  4.00177e+15  3.99668e+15  3.99668e+15  1.72063e+12  1.72064e+12  8.16961e+12
  300.00 -3.63367  3.93378e+15  3.93581e+15  3.93581e+15  4.24856e+12  4.24858e+12  7.09537e+12
  300.00 -3.60521  3.72112e+15  3.72519e+15  3.72519e+15  4.30135e+12  4.30138e+12  1.49117e+13
  300.00 -3.57675  3.83299e+15  3.83859e+15  3.83859e+15  9.80771e+12  9.80771e+12  1.80408e+13
  300.00 -3.54830  4.60609e+15  4.61794e+15  4.61794e+15  1.96986e+13  1.96986e+13  2.27027e+13
  300.00 -3.51984  4.78362e+15  4.80147e+15  4.80147e+15  2.04748e+13  2.04748e+13  3.72155e+13
  300.00 -3.49138  3.94860e+15  3.96260e+15  3.96260e+15  1.04301e+13  1.04301e+13  3.89943e+13
  300.00 -3.46293  4.02415e+15  4.02678e+15  4.02678e+15  2.12449e+12  2.12452e+12  2.12604e+13
  300.00 -3.43447  5.02730e+15  5.02889e+15  5.02889e+15  1.75304e+13  1.75304e+13  1.85253e+13
  300.00 -3.40601  5.25963e+15  5.27356e+15  5.27356e+15  3.55803e+13  3.55803e+13  4.44419e+13
  300.00 -3.37756  5.18706e+15  5.20872e+15  5.20872e+15  3.90287e+13  3.90287e+13  5.56785e+13
  300.00 -3.34910  5.36369e+15  5.38142e+15  5.38142e+15  2.59743e+13  2.59743e+13  5.15636e+13
  300.00 -3.32064  4.93808e+15  4.94627e+15  4.94627e+15  2.98287e+12  2.98288e+12  3.08794e+13
  300.00 -3.29218  4.82695e+15  4.82801e+15  4.82801e+15  7.32236e+12  7.32237e+12  5.30818e+12
  300.00 -3.26373  5.54919e+15  5.55415e+15  5.55415e+15  2.07491e+13  2.07491e+13  1.12982e+13
  300.00 -3.23527  5.93430e+15  5.94742e+15  5.94742e+15  1.65852e+13  1.65852e+13  2.52462e+13
  300.00 -3.20681  5.80706e+15  5.82210e+15  5.82210e+15  1.18687e+13  1.18687e+13  2.22105e+13
  300.00 -3.17836  5.72129e+15  5.74055e+15  5.74055e+15  8.23510e+12  8.23510e+12  1.21200e+13
  300.00 -3.14990  5.76289e+15  5.78008e+15  5.78008e+15  2.44763e+12  2.44764e+12  8.89042e+12
  300.00 -3.12144  5.45134e+15  5.45500e+15  5.45500e+15  2.24848e+12  2.24850e+12  4.80295e+10
  300.00 -3.09299  5.08721e+15  5.09265e+15  5.09265e+15  2.75614e+12  2.75613e+12 -9.27138e+12
  300.00 -3.06453  5.39298e+15  5.41165e+15  5.41165e+15  5.22532e+11  5.22514e+11 -2.19041e+12
  300.00 -3.03607  6.20723e+15  6.22737e+15  6.22737e+15 -6.00619e+12 -6.00620e+12  9.79314e+12
  300.00 -3.00762  6.17867e+15  6.19358e+15  6.19358e+15 -3.02184e+12 -3.02185e+12  8.40126e+12
  300.00 -2.97916  6.16400e+15  6.17429e+15  6.17429e+15  4.67746e+12  4.67747e+12  5.55818e+12
  300.00 -2.95070  6.63835e+15  6.64393e+15  6.64393e+15  1.14990e+13  1.14990e+13  2.48484e+12
  300.00 -2.92224  6.62157e+15  6.62920e+15  6.62920e+15  7.21607e+12  7.21606e+12 -5.04542e+12
  300.00 -2.89379  6.22900e+15  6.23023e+15  6.23023e+15 -2.52441e+12 -2.52442e+12 -2.10887e+12
  300.00 -2.86533  6.29990e+15  6.29716e+15  6.29716e+15 -7.32699e+12 -7.32699e+12  4.59703e+12
  300.00 -2.83687  7.01277e+15  7.01819e+15  7.01819e+15  3.80098e+12  3.80099e+12  4.56440e+12
  300.00 -2.80842  7.25482e+15  7.26245e+15  7.26245e+15  9.62099e+12  9.62100e+12 -4.66758e+11
  300.00 -2.77996  6.84852e+15  6.85471e+15  6.85471e+15  9.55643e+12  9.55645e+12  1.97164e+12
  300.00 -2.75150  6.56715e+15  6.57065e+15  6.57065e+15  8.13170e+12  8.13171e+12 -6.97414e+11
  300.00 -2.72305  6.97178e+15  6.97322e+15  6.97322e+15  1.59193e+12  1.59194e+12  7.14576e+11
  300.00 -2.69459  7.58862e+15  7.59044e+15  7.59044e+15  1.91796e+12  1.91796e+12 -3.63897e+12
  300.00 -2.66613  7.22212e+15  7.22247e+15  7.22247e+15  8.11515e+11  8.11512e+11 -1.04662e+13
  300.00 -2.63768  6.36068e+15  6.35857e+15  6.35857e+15 -3.63080e+12 -3.63079e+12 -1.11427e+12
  300.00 -2.60922  5.93868e+15  5.94038e+15  5.94038e+15  1.03862e+12  1.03862e+12  2.57362e+12
  300.00 -2.58076  6.40599e+15  6.41139e+15  6.41139e+15  1.97375e+12  1.97376e+12  4.24493e+12
  300.00 -2.55230  7.40335e+15  7.40282e+15  7.40282e+15 -6.12288e+12 -6.12287e+12  9.55759e+12
  300.00 -2.52385  7.85267e+15  7.85254e+15  7.85254e+15 -3.31295e+12 -3.31295e+12  1.96782e+12
  300.00 -2.49539  7.30192e+15  7.30935e+15  7.30935e+15  7.38275e+11  7.38269e+11 -4.78806e+12
  300.00 -2.46693  6.93937e+15  6.93627e+15  6.93627e+15  1.94223e+11  1.94214e+11  1.47544e+12
  300.00 -2.43848  7.15457e+15  7.14643e+15  7.14643e+15 -5.47752e+12 -5.47754e+12  3.98658e+12
  300.00 -2.41002  7.08754e+15  7.08748e+15  7.08748e+15 -9.76317e+12 -9.76318e+12  9.23453e+12
  300.00 -2.38156  7.41850e+15  7.42266e+15  7.42266e+15 -8.68010e+12 -8.68008e+12  1.13658e+13
  300.00 -2.35311  7.52018e+15  7.52202e+15  7.52202e+15  1.07772e+12  1.07774e+12 -2.10119e+12
  300.00 -2.32465  7.04506e+15  7.04664e+15  7.04664e+15  7.86010e+12  7.86009e+12 -1.07884e+13
  300.00 -2.29619  6.72103e+15  6.72766e+15  6.72766e+15 -1.97395e+12 -1.97397e+12  1.86600e+12
  300.00 -2.26774  7.03983e+15  7.04257e+15  7.04257e+15 -1.71125e+12 -1.71126e+12  1.19251e+13
  300.00 -2.23928  7.40946e+15  7.40650e+15  7.40650e+15  1.11295e+12  1.11295e+12  2.19813e+12
  300.00 -2.21082  7.36304e+15  7.35824e+15  7.35824e+15 -1.41467e+13 -1.41467e+13  7.02189e+12
  300.00 -2.18236  6.78125e+15  6.77846e+15  6.77846e+15 -7.46070e+12 -7.46070e+12  1.70093e+12
  300.00 -2.15391  6.29604e+15  6.29559e+15  6.29559e+15  3.49685e+12  3.49685e+12 -2.58908e+12
  300.00 -2.12545  6.86953e+15  6.87310e+15  6.87310e+15 -2.64727e+10 -2.64738e+10  4.12626e+12
  300.00 -2.09699  7.36657e+15  7.36589e+15  7.36589e+15 -4.19920e+12 -4.19919e+12  6.37211e+12
  300.00 -2.06854  7.19958e+15  7.19348e+15  7.19348e+15 -5.15759e+12 -5.15760e+12  2.60073e+12
  300.00 -2.04008  6.92390e+15  6.92106e+15  6.92106e+15 -2.03636e+13 -2.03636e+13  2.23360e+13
  300.00 -2.01162  6.63190e+15  6.63037e+15  6.63037e+15 -1.58994e+13 -1.58994e+13  2.15378e+13
  300.00 -1.98317  6.62592e+15  6.62175e+15  6.62175e+15 -7.87624e+11 -7.87623e+11  6.88204e+12
  300.00 -1.95471  6.90216e+15  6.89765e+15  6.89765e+15  2.29197e+12  2.29197e+12  3.11607e+11
  300.00 -1.92625  6.79175e+15  6.78948e+15  6.78948e+15  1.26092e+12  1.26092e+12 -8.52046e+11
  300.00 -1.89780  6.53354e+15  6.53260e+15  6.53260e+15 -1.00455e+13 -1.00455e+13  8.83379e+12
  300.00 -1.86934  6.58658e+15  6.58524e+15  6.58524e+15 -2.04072e+13 -2.04071e+13  2.69225e+13
  300.00 -1.84088  6.84419e+15  6.83988e+15  6.83988e+15 -1.10750e+13 -1.10750e+13  2.31045e+13
  300.00 -1.81242  6.79820e+15  6.79361e+15  6.79361e+15  3.63994e+12  3.63994e+12  7.17292e+10
  300.00 -1.78397  6.38739e+15  6.38515e+15  6.38515e+15  3.63083e+12  3.63083e+12 -3.46879e+12
  300.00 -1.75551  6.14222e+15  6.14683e+15  6.14683e+15 -3.44108e+12 -3.44108e+12  1.04878e+13
  300.00 -1.72705  6.20145e+15  6.20780e+15  6.20780e+15 -9.71624e+12 -9.71624e+12  1.34365e+13
  300.00 -1.69860  6.64627e+15  6.64563e+15  6.64563e+15 -1.33146e+13 -1.33146e+13  1.12457e+13
  300.00 -1.67014  6.71220e+15  6.71306e+15  6.71306e+15 -6.48078e+12 -6.48077e+12  7.05111e+12
  300.00 -1.64168  6.31404e+15  6.31050e+15  6.31050e+15  2.64182e+12  2.64183e+12  3.18022e+12
  300.00 -1.61323  5.83543e+15  5.82654e+15  5.82654e+15 -1.11553e+12 -1.11552e+12  4.83482e+12
  300.00 -1.58477  5.77865e+15  5.78424e+15  5.78424e+15 -7.44193e+12 -7.44194e+12  7.53608e+12
  300.00 -1.55631  6.16132e+15  6.17364e+15  6.17364e+15 -6.54193e+11 -6.54203e+11  9.10788e+11
  300.00 -1.52786  6.21260e+15  6.20940e+15  6.20940e+15 -1.41434e+12 -1.41434e+12  3.90325e+12
  300.00 -1.49940  5.58518e+15  5.57367e+15  5.57367e+15 -1.63266e+13 -1.63266e+13  2.07547e+13
  300.00 -1.47094  4.94859e+15  4.94616e+15  4.94616e+15 -1.56771e+13 -1.56771e+13  2.13330e+13
  300.00 -1.44248  5.07651e+15  5.08091e+15  5.08091e+15  1.06362e+13  1.06362e+13 -1.08935e+13
  300.00 -1.41403  5.53053e+15  5.53081e+15  5.53081e+15  6.71002e+12  6.71001e+12 -6.06106e+12
  300.00 -1.38557  5.61568e+15  5.60839e+15  5.60839e+15 -1.29162e+13 -1.29162e+13  1.85780e+13
  300.00 -1.35711  5.27188e+15  5.26305e+15  5.26305e+15 -1.18192e+13 -1.18192e+13  1.39477e+13
  300.00 -1.32866  4.83391e+15  4.83350e+15  4.83350e+15 -3.07672e+12 -3.07674e+12  2.44253e+12
  300.00 -1.30020  4.48769e+15  4.49003e+15  4.49003e+15 -1.79334e+12 -1.79335e+12  4.09607e+12
  300.00 -1.27174  4.67280e+15  4.67062e+15  4.67062e+15 -1.75612e+13 -1.75612e+13  2.19445e+13
  300.00 -1.24329  4.90613e+15  4.90234e+15  4.90234e+15 -1.30137e+13 -1.30137e+13  1.54925e+13
  300.00 -1.21483  4.72995e+15  4.72312e+15  4.72312e+15  1.10294e+13  1.10294e+13 -9.38034e+12
  300.00 -1.18637  4.34483e+15  4.34170e+15  4.34170e+15  1.00539e+13  1.00539e+13 -4.36767e+12
  300.00 -1.15792  4.17274e+15  4.17392e+15  4.17392e+15 -3.17561e+12 -3.17562e+12  1.29907e+13
  300.00 -1.12946  4.01062e+15  4.01017e+15  4.01017e+15 -8.72943e+12 -8.72942e+12  2.75130e+13
  300.00 -1.10100  3.75859e+15  3.75497e+15  3.75497e+15  5.97865e+11  5.97873e+11  1.95220e+13
  300.00 -1.07255  3.50661e+15  3.50209e+15  3.50209e+15  1.22097e+13  1.22097e+13  4.39751e+12
  300.00 -1.04409  3.22985e+15  3.22573e+15  3.22573e+15  1.81498e+13  1.81498e+13  3.12113e+12
  300.00 -1.01563  3.26610e+15  3.26676e+15  3.26676e+15  2.08482e+13  2.08482e+13  6.56090e+12
  300.00 -0.98717  3.45745e+15  3.45953e+15  3.45953e+15  1.84028e+13  1.84028e+13  2.14491e+13
  300.00 -0.95872  3.06550e+15  3.06464e+15  3.06464e+15  1.34452e+13  1.34451e+13  2.94598e+13
  300.00 -0.93026  2.40698e+15  2.40312e+15  2.40312e+15  1.80943e+13  1.80942e+13  1.38106e+13
  300.00 -0.90180  2.15181e+15  2.14683e+15  2.14683e+15  3.43584e+13  3.43584e+13  7.41604e+12
  300.00 -0.87335  2.31920e+15  2.31825e+15  2.31825e+15  3.56166e+13  3.56166e+13  1.56293e+13
  300.00 -0.84489  2.58570e+15  2.58785e+15  2.58785e+15  2.43671e+13  2.43670e+13  1.26966e+13
  300.00 -0.81643  2.60812e+15  2.60872e+15  2.60872e+15  2.30735e+13  2.30735e+13  1.14111e+13
  300.00 -0.78798  2.36233e+15  2.35900e+15  2.35900e+15  3.33692e+13  3.33691e+13  2.75076e+13
  300.00 -0.75952  1.94770e+15  1.94386e+15  1.94386e+15  3.60486e+13  3.60485e+13  3.56343e+13
  300.00 -0.73106  1.65682e+15  1.65683e+15  1.65683e+15  2.78644e+13  2.78643e+13  1.79614e+13
  300.00 -0.70261  1.82132e+15  1.82234e+15  1.82234e+15  1.95930e+13  1.95929e+13 -1.20581e+12
  300.00 -0.67415  2.01512e+15  2.01351e+15  2.01351e+15  2.69675e+13  2.69675e+13  1.43788e+13
  300.00 -0.64569  1.93730e+15  1.93251e+15  1.93251e+15  3.73456e+13  3.73456e+13  3.58653e+13
  300.00 -0.61723  1.65470e+15  1.64949e+15  1.64949e+15  3.29986e+13  3.29987e+13  4.08237e+13
  300.00 -0.58878  1.43971e+15  1.43812e+15  1.43812e+15  2.46071e+13  2.46071e+13  2.05057e+13
  300.00 -0.56032  1.25302e+15  1.25333e+15  1.25333e+15  1.91692e+13  1.91692e+13  2.75749e+12
  300.00 -0.53186  1.05191e+15  1.05125e+15  1.05125e+15  2.43333e+13  2.43334e+13  1.88344e+13
  300.00 -0.50341  1.05755e+15  1.05526e+15  1.05526e+15  3.31260e+13  3.31261e+13  3.80904e+13
  300.00 -0.47495  1.14735e+15  1.14451e+15  1.14451e+15  3.80917e+13  3.80917e+13  3.76291e+13
  300.00 -0.44649  1.07319e+15  1.07081e+15  1.07081e+15  2.85627e+13  2.85627e+13  2.32913e+13
  300.00 -0.41804  7.56982e+14  7.54553e+14  7.54553e+14  1.24992e+13  1.24992e+13  5.65507e+12
  300.00 -0.38958  5.64428e+14  5.62537e+14  5.62537e+14  1.79887e+13  1.79887e+13  1.33139e+13
  300.00 -0.36112  6.58180e+14  6.57192e+14  6.57192e+14  3.17731e+13  3.17731e+13  3.23251e+13
  300.00 -0.33267  7.45729e+14  7.43928e+14  7.43928e+14  3.57646e+13  3.57646e+13  3.51504e+13
  300.00 -0.30421  6.40944e+14  6.38680e+14  6.38680e+14  2.84952e+13  2.84952e+13  2.54635e+13
  300.00 -0.27575  4.47016e+14  4.46343e+14  4.46343e+14  1.39375e+13  1.39375e+13  1.05329e+13
  300.00 -0.24729  3.58119e+14  3.57775e+14  3.57775e+14  1.12620e+13  1.12620e+13  1.17001e+13
  300.00 -0.21884  3.78895e+14  3.76718e+14  3.76718e+14  2.44477e+13  2.44477e+13  2.30704e+13
  300.00 -0.19038  3.60048e+14  3.57342e+14  3.57342e+14  2.94725e+13  2.94725e+13  2.57691e+13
  300.00 -0.16192  3.02932e+14  3.00722e+14  3.00722e+14  2.02382e+13  2.02382e+13  1.85129e+13
  300.00 -0.13347  2.31897e+14  2.30026e+14  2.30026e+14  8.59302e+12  8.59302e+12  8.39746e+12
  300.00 -0.10501  1.70782e+14  1.69456e+14  1.69456e+14  1.09252e+13  1.09252e+13  1.06646e+13
  300.00 -0.07655  1.23693e+14  1.22933e+14  1.22933e+14  1.55780e+13  1.55780e+13  1.49355e+13
  300.00 -0.04810  8.12093e+13  8.09907e+13  8.09907e+13  1.17924e+13  1.17924e+13  1.11860e+13
  300.00 -0.01964  4.87596e+13  4.86548e+13  4.86548e+13  7.83564e+12  7.83564e+12  7.17246e+12
  300.00  0.00882  3.02564e+13  2.96696e+13  2.96696e+13  6.86267e+12  6.86268e+12  6.13306e+12
  300.00  0.03727  1.81238e+13  1.73803e+13  1.73803e+13  5.26809e+12  5.26810e+12  4.73181e+12
  300.00  0.06573  9.78599e+12  9.23784e+12  9.23785e+12  3.22906e+12  3.22907e+12  2.92198e+12
  300.00  0.09419  4.82839e+12  4.51188e+12  4.51188e+12  1.70792e+12  1.70793e+12  1.55337e+12
  300.00  0.12265  2.23382e+12  2.07312e+12  2.07312e+12  8.24858e+11  8.24859e+11  7.52738e+11
  300.00  0.15110  9.86793e+11  9.11305e+11  9.11306e+11  3.75165e+11  3.75165e+11  3.43173e+11
  300.00  0.17956  4.21089e+11  3.87437e+11  3.87437e+11  1.63500e+11  1.63501e+11  1.49824e+11
  300.00  0.20802  1.74945e+11  1.60502e+11  1.60502e+11  6.89972e+10  6.89973e+10  6.33189e+10
  300.00  0.23647  7.12536e+10  6.52337e+10  6.52338e+10  2.83845e+10  2.83846e+10  2.60940e+10
  300.00  0.26493  2.88707e+10  2.64225e+10  2.64226e+10  1.14228e+10  1.14228e+10  1.05544e+10
  300.00  0.29339  1.24912e+10  1.15249e+10  1.15249e+10  4.47111e+09  4.47112e+09  4.24840e+09
  300.00  0.32184  7.84561e+09  7.50003e+09  7.50004e+09  1.59891e+09  1.59891e+09  1.81688e+09
  300.00  0.35030  1.08170e+10  1.07783e+10  1.07783e+10  2.39696e+08  2.39698e+08  1.09326e+09
  300.00  0.37876  2.42116e+10  2.44567e+10  2.44567e+10 -8.50717e+08 -8.50717e+08  1.38747e+09
  300.00  0.40721  6.02043e+10  6.09976e+10  6.09976e+10 -2.62440e+09 -2.62440e+09  2.87598e+09
  300.00  0.43567  1.50322e+11  1.52486e+11  1.52486e+11 -6.46825e+09 -6.46825e+09  6.62228e+09
  300.00  0.46413  3.69729e+11  3.75439e+11  3.75439e+11 -1.50440e+10 -1.50440e+10  1.50671e+10
  300.00  0.49259  8.90177e+11  9.04960e+11  9.04960e+11 -3.34102e+10 -3.34102e+10  3.28044e+10
  300.00  0.52104  2.08611e+12  2.12360e+12  2.12360e+12 -6.98174e+10 -6.98174e+10  6.65973e+10
  300.00  0.54950  4.72217e+12  4.81466e+12  4.81466e+12 -1.32617e+11 -1.32617e+11  1.20107e+11
  300.00  0.57796  1.02086e+13  1.04271e+13  1.04271e+13 -2.10044e+11 -2.10044e+11  1.67873e+11
  300.00  0.60641  2.07274e+13  2.11972e+13  2.11972e+13 -1.94074e+11 -1.94074e+11  6.63298e+10
  300.00  0.63487  3.86751e+13  3.94569e+13  3.94569e+13  3.16863e+11  3.16863e+11 -6.58515e+11
  300.00  0.66333  6.47406e+13  6.54073e+13  6.54073e+13  2.10273e+12  2.10273e+12 -2.84970e+12
  300.00  0.69178  9.50719e+13  9.52953e+13  9.52953e+13  4.34100e+12  4.34100e+12 -5.33986e+12
  300.00  0.72024  1.30884e+14  1.31703e+14  1.31703e+14  1.29243e+12  1.29243e+12 -1.91433e+12
  300.00  0.74870  1.86610e+14  1.89286e+14  1.89286e+14 -4.48106e+12 -4.48106e+12  3.19278e+12
  300.00  0.77715  2.25978e+14  2.31746e+14  2.31746e+14 -3.34926e+12 -3.34926e+12  1.95613e+12
  300.00  0.80561  2.32119e+14  2.37658e+14  2.37658e+14  3.08239e+12  3.08239e+12 -1.52899e+12
  300.00  0.83407  3.01615e+14  3.06706e+14  3.06706e+14  1.49766e+13  1.49766e+13 -8.87341e+12
  300.00  0.86253  4.95530e+14  5.09180e+14  5.09180e+14  1.76136e+13  1.76136e+13 -8.09626e+12
  300.00  0.89098  7.21355e+14  7.38588e+14  7.38588e+14  1.56988e+13  1.56988e+13 -1.10406e+13
  300.00  0.91944  7.85113e+14  7.95407e+14  7.95407e+14  1.36276e+13  1.36276e+13 -2.11454e+13
  300.00  0.94790  6.80635e+14  6.85598e+14  6.85598e+14  5.19879e+12  5.19879e+12 -1.08250e+13
  300.00  0.97635  6.79384e+14  6.92693e+14  6.92693e+14  8.66256e+12  8.66257e+12 -1.01116e+11
  300.00  1.00481  9.76127e+14  9.97651e+14  9.97651e+14  1.95856e+13  1.95856e+13 -1.17018e+13
  300.00  1.03327  1.25113e+15  1.26771e+15  1.26771e+15  2.19270e+13  2.19270e+13 -2.22511e+13
  300.00  1.06172  1.30349e+15  1.31561e+15  1.31561e+15  2.01228e+13  2.01228e+13 -2.61852e+13
  300.00  1.09018  1.27016e+15  1.27936e+15  1.27936e+15  2.70296e+13  2.70296e+13 -3.46100e+13
  300.00  1.11864  1.29558e+15  1.29922e+15  1.29922e+15  1.72371e+13  1.72371e+13 -2.26734e+13
  300.00  1.14709  1.62462e+15  1.62424e+15  1.62424e+15 -7.25040e+11 -7.25034e+11 -7.43707e+12
  300.00  1.17555  1.98350e+15  1.98576e+15  1.98576e+15  4.76933e+12  4.76934e+12 -1.25817e+13
  300.00  1.20401  2.11609e+15  2.12312e+15  2.12312e+15  1.23991e+13  1.23991e+13 -8.22836e+12
  300.00  1.23246  2.27213e+15  2.27683e+15  2.27683e+15 -3.67885e+12 -3.67886e+12  2.33659e+13
  300.00  1.26092  2.62351e+15  2.62441e+15  2.62441e+15  8.07724e+12  8.07723e+12  2.58740e+13
  300.00  1.28938  3.05417e+15  3.05491e+15  3.05491e+15  4.77655e+13  4.77655e+13 -1.17935e+13
  300.00  1.31784  3.43843e+15  3.43104e+15  3.43104e+15  4.05306e+13  4.05306e+13 -1.82185e+13
  300.00  1.34629  3.46158e+15  3.45440e+15  3.45440e+15 -8.73058e+12 -8.73058e+12  8.63544e+12
  300.00  1.37475  3.56190e+15  3.55222e+15  3.55222e+15 -7.14336e+13 -7.14336e+13  8.25860e+13
  300.00  1.40321  4.20328e+15  4.19687e+15  4.19687e+15 -1.18290e+12 -1.18291e+12  4.01060e+13
  300.00  1.43166  4.57612e+15  4.58275e+15  4.58275e+15  7.29556e+13  7.29556e+13 -4.81255e+13
  300.00  1.46012  5.02123e+15  5.01247e+15  5.01247e+15  1.53598e+13  1.53598e+13  8.77588e+12
  300.00  1.48858  5.40449e+15  5.38527e+15  5.38527e+15  1.57890e+13  1.57890e+13  6.21906e+11
  300.00  1.51703  5.10664e+15  5.11377e+15  5.11377e+15 -2.46115e+13 -2.46115e+13 -1.47593e+12
  300.00  1.54549  4.86478e+15  4.85419e+15  4.85419e+15 -1.05735e+14 -1.05735e+14  9.45621e+13
  300.00  1.57395  5.46543e+15  5.43889e+15  5.43889e+15  1.70553e+13  1.70553e+13 -6.85140e+12
  300.00  1.60240  6.04463e+15  6.06127e+15  6.06127e+15  1.34119e+14  1.34119e+14 -1.51237e+14
  300.00  1.63086  6.14207e+15  6.17382e+15  6.17382e+15  3.56247e+13  3.56247e+13 -6.58857e+13
  300.00  1.65932  6.14092e+15  6.14056e+15  6.14056e+15 -8.68747e+13 -8.68747e+13  7.75712e+13
  300.00  1.68778  6.26454e+15  6.23710e+15  6.23710e+15 -5.55747e+13 -5.55747e+13  5.06196e+13
  300.00  1.71623  6.29931e+15  6.29011e+15  6.29011e+15 -4.86018e+12 -4.86017e+12 -7.12807e+12
  300.00  1.74469  6.06031e+15  6.07075e+15  6.07075e+15  6.65189e+13  6.65189e+13 -5.80001e+13
  300.00  1.77315  6.51710e+15  6.54074e+15  6.54074e+15  1.53831e+14  1.53831e+14 -1.37562e+14
  300.00  1.80160  8.08093e+15  8.13098e+15  8.13098e+15 -5.89886e+12 -5.89885e+12 -1.83994e+13
  300.00  1.83006  9.40382e+15  9.41054e+15  9.41054e+15 -1.50946e+14 -1.50946e+14  1.40483e+14
  300.00  1.85852  9.23304e+15  9.19324e+15  9.19324e+15 -5.69121e+13 -5.69121e+13  8.20228e+13
  300.00  1.88697  8.20513e+15  8.22588e+15  8.22588e+15  2.69398e+13  2.69398e+13 -2.61297e+12
  300.00  1.91543  8.06353e+15  8.10855e+15  8.10855e+15  4.02091e+13  4.02091e+13 -2.53357e+13
  300.00  1.94389  8.83023e+15  8.86849e+15  8.86849e+15 -1.95705e+13 -1.95705e+13  2.09205e+13
  300.00  1.97234  1.03908e+16  1.04087e+16  1.04087e+16 -5.63890e+13 -5.63890e+13  8.00309e+13
  300.00  2.00080  1.16623e+16  1.16721e+16  1.16721e+16 -9.64217e+13 -9.64217e+13  1.10257e+14
  300.00  2.02926  1.20530e+16  1.20517e+16  1.20517e+16 -1.38187e+14 -1.38187e+14  1.47906e+14
  300.00  2.05772  1.11004e+16  1.10967e+16  1.10967e+16 -3.65149e+13 -3.65149e+13  4.56351e+13
  300.00  2.08617  9.76938e+15  9.81318e+15  9.81318e+15  1.10163e+13  1.10163e+13  6.91813e+12
  300.00  2.11463  1.00392e+16  1.00655e+16  1.00655e+16 -9.85074e+13 -9.85074e+13  1.59250e+14
  300.00  2.14309  1.08896e+16  1.08577e+16  1.08577e+16 -1.28116e+14 -1.28116e+14  1.52624e+14
  300.00  2.17154  1.12888e+16  1.12535e+16  1.12535e+16 -6.54179e+13 -6.54180e+13  1.66554e+13
  300.00  2.20000  1.16733e+16  1.16679e+16  1.16679e+16 -7.11854e+13 -7.11855e+13  5.16428e+13
