  300.00 -6.00000 -1.28715e-03 -1.30513e-03 -1.29328e-03  4.52921e-08 -9.61879e-06 -1.39285e-07
  300.00 -5.97595 -1.20699e-03 -1.22497e-03 -1.21312e-03  4.52918e-08 -9.61877e-06 -1.39285e-07
  300.00 -5.95190 -1.12683e-03 -1.14481e-03 -1.13296e-03  4.52913e-08 -9.61875e-06 -1.39284e-07
  300.00 -5.92786 -1.04667e-03 -1.06465e-03 -1.05280e-03  4.52897e-08 -9.61868e-06 -1.39284e-07
  300.00 -5.90381 -9.66510e-04 -9.84490e-04 -9.72641e-04  4.52859e-08 -9.61850e-06 -1.39284e-07
  300.00 -5.87976 -8.86358e-04 -9.04337e-04 -8.92488e-04  4.52763e-08 -9.61806e-06 -1.39283e-07
  300.00 -5.85571 -8.06218e-04 -8.24194e-04 -8.12344e-04  4.52518e-08 -9.61694e-06 -1.39279e-07
  300.00 -5.83166 -7.26110e-04 -7.44080e-04 -7.32227e-04  4.51899e-08 -9.61409e-06 -1.39271e-07
  300.00 -5.80762 -6.46082e-04 -6.64036e-04 -6.52175e-04  4.50334e-08 -9.60687e-06 -1.39251e-07
  300.00 -5.78357 -5.66257e-04 -5.84169e-04 -5.72288e-04  4.46398e-08 -9.58858e-06 -1.39201e-07
  300.00 -5.75952 -4.86936e-04 -5.04744e-04 -4.92813e-04  4.36620e-08 -9.54230e-06 -1.39075e-07
  300.00 -5.73547 -4.08851e-04 -4.26394e-04 -4.14340e-04  4.13051e-08 -9.42556e-06 -1.38773e-07
  300.00 -5.71142 -3.33634e-04 -3.50521e-04 -3.38181e-04  3.60205e-08 -9.13310e-06 -1.38091e-07
  300.00 -5.68737 -2.64402e-04 -2.79702e-04 -2.66751e-04  2.59502e-08 -8.41488e-06 -1.36728e-07
  300.00 -5.66333 -2.05415e-04 -2.17168e-04 -2.03135e-04  1.23011e-08 -6.76760e-06 -1.34371e-07
  300.00 -5.63928 -1.59465e-04 -1.64520e-04 -1.49173e-04  4.23906e-09 -3.62834e-06 -1.30213e-07
  300.00 -5.61523 -1.24405e-04 -1.20178e-04 -1.04315e-04  1.36776e-08  4.25414e-07 -1.20659e-07
  300.00 -5.59118 -9.36242e-05 -8.13631e-05 -6.77935e-05  4.01170e-08  1.99280e-06 -1.00006e-07
  300.00 -5.56713 -6.28517e-05 -4.71322e-05 -4.13792e-05  6.69679e-08 -3.84401e-06 -7.39716e-08
  300.00 -5.54309 -3.57210e-05 -1.96173e-05 -2.90429e-05  6.58725e-08 -1.91011e-05 -6.67156e-08
  300.00 -5.51904 -2.00699e-05 -2.67177e-06 -2.82083e-05  1.97969e-08 -3.61987e-05 -6.82795e-08
  300.00 -5.49499 -1.69765e-05  3.17457e-06 -2.39514e-05 -3.25994e-08 -4.00172e-05 -1.39957e-08
  300.00 -5.47094 -1.91283e-05 -1.20182e-07 -1.26945e-05 -3.66865e-08 -2.99635e-05  9.90418e-08
  300.00 -5.44689 -2.18167e-05 -1.16502e-05 -6.67543e-06 -1.41631e-09 -1.52722e-05  2.06571e-07
  300.00 -5.42285 -2.20598e-05 -2.18761e-05 -1.25653e-05  3.18834e-08 -4.20673e-06  2.30802e-07
  300.00 -5.39880 -1.95955e-05 -2.08715e-05 -2.28119e-05  3.45426e-08 -1.11913e-06  1.65741e-07
  300.00 -5.37475 -2.26628e-05 -1.43328e-05 -3.13365e-05  2.86312e-09 -2.33787e-06  6.38015e-08
  300.00 -5.35070 -3.34847e-05 -1.26622e-05 -3.42304e-05 -4.15993e-08 -4.53319e-06 -3.77115e-08
  300.00 -5.32665 -3.98723e-05 -1.38711e-05 -2.50124e-05 -7.10980e-08 -5.39306e-06 -1.16613e-07
  300.00 -5.30261 -3.60285e-05 -1.04556e-05 -8.22374e-06 -7.13295e-08 -3.37575e-06 -1.74817e-07
  300.00 -5.27856 -2.57140e-05 -3.33608e-06  5.13280e-06 -6.20135e-08 -1.57044e-06 -2.03019e-07
  300.00 -5.25451 -1.26432e-05  4.56724e-06  1.04831e-05 -6.03862e-08 -2.67216e-06 -1.50356e-07
  300.00 -5.23046 -7.51812e-07  1.05919e-05  9.64952e-06 -4.39866e-08 -5.04336e-06 -1.62568e-08
  300.00 -5.20641  6.05920e-06  9.73449e-06  5.72338e-06  4.01233e-09 -5.47997e-06  1.26324e-07
  300.00 -5.18236  8.68193e-06  2.20948e-06  1.78581e-06  5.82597e-08 -3.05933e-06  1.96268e-07
  300.00 -5.15832  8.86184e-06 -7.02688e-06 -1.89728e-07  9.87673e-08  4.41637e-07  1.47553e-07
  300.00 -5.13427  5.31289e-06 -1.40292e-05  6.42477e-07  1.02016e-07  2.96198e-06  5.37229e-09
  300.00 -5.11022  2.66251e-06 -1.28113e-05  4.95870e-06  4.44510e-08  3.70591e-06 -1.10768e-07
  300.00 -5.08617  6.38435e-06 -3.33858e-06  1.34744e-05 -2.39883e-08  2.94908e-06 -1.27677e-07
  300.00 -5.06212  1.23550e-05  8.42691e-06  2.42730e-05 -5.98530e-08  5.31252e-08 -9.18269e-08
  300.00 -5.03808  1.54883e-05  1.73226e-05  3.18385e-05 -5.40200e-08 -5.07606e-06 -5.99479e-08
  300.00 -5.01403  1.68100e-05  1.93778e-05  3.25012e-05 -2.03478e-08 -8.89744e-06 -4.42040e-08
  300.00 -4.98998  1.81521e-05  1.38816e-05  2.52741e-05 -7.28972e-09 -7.17894e-06 -1.28413e-08
  300.00 -4.96593  1.70224e-05  5.82694e-06  1.27378e-05 -4.84409e-08 -4.12625e-07  3.26296e-08
  300.00 -4.94188  9.93068e-06 -2.12300e-06  3.85536e-06 -8.16320e-08  6.57967e-06  4.03819e-08
  300.00 -4.91784 -1.65659e-06 -9.00155e-06  5.35329e-06 -5.03697e-08  9.31811e-06  2.75727e-08
  300.00 -4.89379 -1.21005e-05 -8.80444e-06  1.27913e-05 -3.16435e-08  8.47058e-06  4.18034e-08
  300.00 -4.86974 -1.73498e-05 -1.12962e-07  1.76091e-05 -4.57805e-08  5.88165e-06  6.97972e-08
  300.00 -4.84569 -1.75934e-05  1.09685e-05  1.46361e-05 -3.47364e-08 -7.75148e-08  8.28899e-08
  300.00 -4.82164 -1.40104e-05  1.68143e-05  5.89240e-06  2.24827e-08 -8.19679e-06  6.43521e-08
  300.00 -4.79760 -1.03325e-05  1.19832e-05 -3.98898e-07  7.68069e-08 -1.31321e-05  3.06150e-08
  300.00 -4.77355 -1.31904e-05  2.51068e-08 -1.81155e-06  5.96188e-08 -1.33011e-05 -1.84251e-08
  300.00 -4.74950 -2.50596e-05 -7.86382e-06 -3.26778e-06  1.55087e-09 -1.11059e-05 -1.16592e-07
  300.00 -4.72545 -3.77511e-05 -8.36465e-06 -6.43369e-06 -2.46149e-09 -8.49540e-06 -2.13598e-07
  300.00 -4.70140 -3.77747e-05 -4.32959e-06 -6.46348e-06  2.88988e-08 -4.78341e-06 -2.35478e-07
  300.00 -4.67735 -2.41503e-05 -1.89963e-06 -6.58635e-06  3.15615e-08  7.89416e-07 -1.72772e-07
  300.00 -4.65331 -5.57302e-06 -5.48410e-06 -1.33902e-05  1.00960e-09  6.38106e-06 -2.53007e-08
  300.00 -4.62926  1.06774e-05 -1.36373e-05 -1.97435e-05 -2.11954e-08  8.43475e-06  1.44913e-07
  300.00 -4.60521  2.07293e-05 -1.85733e-05 -1.60436e-05 -1.39573e-08  6.39264e-06  2.02647e-07
  300.00 -4.58116  2.49670e-05 -1.42065e-05 -4.55741e-06 -1.61519e-09  2.89318e-06  1.25790e-07
  300.00 -4.55711  2.66746e-05 -5.48183e-06  7.24067e-06 -1.04969e-08  3.64121e-07  5.73687e-09
  300.00 -4.53307  2.66616e-05  3.14131e-07  1.08827e-05 -3.93249e-08 -1.63017e-07 -8.87061e-08
  300.00 -4.50902  1.88735e-05  6.05593e-07 -3.53321e-07 -5.69144e-08  3.47475e-07 -1.13294e-07
  300.00 -4.48497 -1.98017e-06 -4.41630e-06 -1.80631e-05 -3.01137e-08  5.72410e-07 -8.10948e-08
  300.00 -4.46092 -2.18801e-05 -9.86580e-06 -2.32670e-05  2.86653e-08  9.97297e-07 -5.22284e-08
  300.00 -4.43687 -2.56382e-05 -1.15026e-05 -1.35398e-05  7.25684e-08  3.12419e-06 -1.80085e-08
  300.00 -4.41283 -1.72880e-05 -8.95067e-06  1.34237e-06  7.71857e-08  6.86669e-06  3.13857e-08
  300.00 -4.38878 -5.41408e-06 -5.79881e-06  1.29773e-05  5.72292e-08  1.04762e-05  8.06949e-08
  300.00 -4.36473  5.82151e-06 -8.45465e-06  1.73752e-05  3.79633e-08  1.12329e-05  1.09318e-07
  300.00 -4.34068  1.50350e-05 -1.53012e-05  1.48691e-05  2.77624e-08  8.46904e-06  7.88499e-08
  300.00 -4.31663  1.91682e-05 -1.79557e-05  8.95347e-06  1.47774e-08  4.49408e-06  2.04371e-09
  300.00 -4.29259  1.68605e-05 -1.35531e-05  2.45946e-06  2.07534e-09  1.14631e-06 -4.05974e-08
  300.00 -4.26854  1.16739e-05 -4.41749e-06 -4.49908e-06  6.79826e-09 -1.86108e-06 -3.05451e-08
  300.00 -4.24449  7.75175e-06  5.58085e-06 -1.12930e-05  1.90044e-08 -5.46865e-06 -3.76387e-08
  300.00 -4.22044  6.83401e-06  1.31807e-05 -1.48062e-05  4.21969e-08 -7.82644e-06 -8.28263e-08
  300.00 -4.19639  5.87185e-06  1.70251e-05 -1.13053e-05  9.44644e-08 -6.24013e-06 -1.10448e-07
  300.00 -4.17234  1.67046e-06  1.82551e-05 -3.76859e-06  1.26975e-07 -1.95640e-06 -7.43452e-08
  300.00 -4.14830 -2.94481e-06  1.88196e-05  2.55937e-06  8.62332e-08  5.89537e-07 -6.00176e-09
  300.00 -4.12425 -5.01040e-06  1.65685e-05  4.04534e-06  2.57452e-09 -1.01816e-06  4.19231e-08
  300.00 -4.10020 -2.25694e-06  8.45113e-06 -9.02157e-09 -6.44035e-08 -4.30638e-06  6.74233e-08
  300.00 -4.07615  5.46400e-06  1.37792e-06 -3.19291e-06 -7.40034e-08 -5.86485e-06  6.62747e-08
  300.00 -4.05210  1.25133e-05  1.76932e-06  4.72688e-07 -4.74876e-08 -5.03829e-06  4.03368e-08
  300.00 -4.02806  1.30810e-05  6.86569e-06  8.02566e-06 -2.61407e-08 -1.93967e-06  2.21978e-08
  300.00 -4.00401  5.29563e-06  1.05868e-05  1.08139e-05  6.44555e-09  2.97882e-06  2.87115e-08
  300.00 -3.97996 -5.75630e-06  9.82448e-06  6.77685e-06  4.79096e-08  6.58231e-06  2.55444e-08
  300.00 -3.95591 -9.15686e-06  6.13665e-06  3.15115e-06  3.95417e-08  6.49695e-06 -9.89426e-09
  300.00 -3.93186 -1.76724e-06  2.36433e-06  4.54545e-06 -9.05157e-09  5.06439e-06 -4.06599e-08
  300.00 -3.90782  1.12186e-05  8.49057e-07  7.94419e-06 -2.20608e-08  4.88641e-06 -3.76720e-08
  300.00 -3.88377  2.43153e-05  2.93063e-06  8.17183e-06 -1.14765e-08  6.41192e-06 -1.73459e-08
  300.00 -3.85972  3.24674e-05  7.29779e-06  4.01018e-06 -4.42150e-08  8.63849e-06  1.45826e-08
  300.00 -3.83567  3.21164e-05  1.27889e-05  1.63235e-06 -1.06664e-07  8.35158e-06  4.14864e-08
  300.00 -3.81162  2.17742e-05  1.90030e-05  5.30937e-06 -1.34987e-07  4.59608e-06  5.28007e-08
  300.00 -3.78758  5.81422e-06  2.56554e-05  1.29772e-05 -9.67078e-08  2.75435e-06  4.37908e-08
  300.00 -3.76353 -6.40198e-06  3.15653e-05  2.11748e-05 -1.13154e-08  5.15886e-06 -2.00668e-09
  300.00 -3.73948 -9.42423e-06  3.28235e-05  2.63313e-05  5.76220e-08  7.91824e-06 -5.46207e-08
  300.00 -3.71543 -3.76335e-06  2.75311e-05  2.65138e-05  8.41735e-08  8.57529e-06 -5.34372e-08
  300.00 -3.69138  5.52986e-06  1.93251e-05  2.58003e-05  9.21972e-08  8.09875e-06 -2.29845e-08
  300.00 -3.66733  1.40149e-05  1.62325e-05  2.61458e-05  8.69050e-08  7.03358e-06  4.72171e-09
  300.00 -3.64329  2.11216e-05  2.20721e-05  2.34068e-05  7.17870e-08  3.81731e-06  6.36116e-08
  300.00 -3.61924  2.63946e-05  3.08139e-05  1.85125e-05  5.07933e-08 -1.97435e-06  1.02599e-07
  300.00 -3.59519  2.77680e-05  3.45084e-05  1.50809e-05  1.53471e-09 -7.32255e-06  7.33086e-08
  300.00 -3.57114  2.79403e-05  3.13055e-05  8.61384e-06 -5.44655e-08 -9.10073e-06  4.72046e-08
  300.00 -3.54709  3.42222e-05  2.63814e-05 -2.55712e-06 -6.40857e-08 -7.12427e-06  6.34188e-08
  300.00 -3.52305  4.36719e-05  2.30553e-05 -1.01879e-05 -3.94087e-08 -5.54846e-06  7.47924e-08
  300.00 -3.49900  4.33971e-05  1.90594e-05 -1.05910e-05 -3.86936e-08 -7.46720e-06  5.97931e-08
  300.00 -3.47495  3.26710e-05  1.50822e-05 -6.20841e-06 -6.83427e-08 -1.02256e-05  4.09452e-08
  300.00 -3.45090  2.65011e-05  1.26683e-05  3.32893e-07 -3.97297e-08 -8.76954e-06 -1.20255e-08
  300.00 -3.42685  2.97952e-05  7.75593e-06  9.04796e-06  4.55122e-08 -3.12282e-06 -1.04970e-07
  300.00 -3.40281  3.53316e-05  1.09570e-06  1.95914e-05  1.08306e-07  3.96496e-06 -1.65622e-07
  300.00 -3.37876  3.98013e-05 -3.48510e-06  2.93732e-05  1.15563e-07  8.73474e-06 -1.62464e-07
  300.00 -3.35471  4.53382e-05 -2.12210e-06  3.64089e-05  6.29169e-08  7.85439e-06 -1.12682e-07
  300.00 -3.33066  4.57882e-05  1.03505e-05  4.36928e-05 -1.47941e-08  2.56877e-06 -4.88175e-08
  300.00 -3.30661  3.19682e-05  3.28283e-05  5.97918e-05 -4.61321e-08 -6.07840e-06 -3.42379e-08
  300.00 -3.28257  2.01815e-05  5.94825e-05  8.53774e-05 -2.38314e-08 -1.69572e-05 -8.15609e-08
  300.00 -3.25852  3.66856e-05  9.17488e-05  1.17177e-04 -7.92772e-09 -2.32503e-05 -1.28415e-07
  300.00 -3.23447  7.94959e-05  1.33873e-04  1.57043e-04 -1.01770e-08 -2.26060e-05 -1.32805e-07
  300.00 -3.21042  1.26204e-04  1.72869e-04  1.95074e-04 -2.52796e-08 -1.63090e-05 -1.07135e-07
  300.00 -3.18637  1.27052e-04  1.49762e-04  1.73678e-04 -6.44628e-08  3.16239e-06 -5.27221e-08
  300.00 -3.16232  2.02400e-05 -1.26196e-06  1.41013e-05 -7.32470e-08  2.71775e-05 -2.14911e-08
  300.00 -3.13828 -7.74909e-05 -1.07964e-04 -1.19003e-04 -1.98381e-08  1.73518e-05 -3.42095e-08
  300.00 -3.11423 -8.54406e-05 -1.04631e-04 -1.29121e-04 -1.69933e-08  7.90170e-06 -6.61258e-09
  300.00 -3.09018 -7.26684e-05 -7.71823e-05 -1.05752e-04 -7.34200e-08  7.51962e-06  2.29052e-08
  300.00 -3.06613 -7.07403e-05 -6.31895e-05 -9.18466e-05 -1.44774e-07  8.54423e-06  9.15332e-09
  300.00 -3.04208 -6.60668e-05 -6.08548e-05 -8.51718e-05 -1.23303e-07  4.57207e-06 -7.60218e-09
  300.00 -3.01804 -4.97608e-05 -5.44525e-05 -7.01096e-05 -6.13798e-09 -1.48280e-06  2.80374e-08
  300.00 -2.99399 -3.54401e-05 -4.43901e-05 -4.81419e-05  9.84508e-08 -6.48732e-06  7.30580e-08
  300.00 -2.96994 -3.57772e-05 -3.73900e-05 -3.01176e-05  1.00438e-07 -1.09036e-05  1.14043e-07
  300.00 -2.94589 -4.65660e-05 -3.29426e-05 -2.41247e-05  4.71597e-08 -1.38119e-05  1.44308e-07
  300.00 -2.92184 -5.04443e-05 -2.85037e-05 -2.61640e-05  4.21508e-08 -1.31912e-05  1.30132e-07
  300.00 -2.89780 -4.30979e-05 -2.75339e-05 -2.56978e-05  6.31922e-08 -1.04401e-05  7.34309e-08
  300.00 -2.87375 -3.21273e-05 -2.94915e-05 -2.06431e-05  7.08057e-08 -7.80710e-06  2.83482e-08
  300.00 -2.84970 -2.52354e-05 -3.05323e-05 -1.45673e-05  4.73738e-08 -5.53773e-06 -2.57369e-09
  300.00 -2.82565 -2.42270e-05 -2.95834e-05 -1.01764e-05  1.17033e-09 -2.87127e-06 -4.04704e-08
  300.00 -2.80160 -2.75326e-05 -2.85385e-05 -8.63121e-06 -2.74129e-08 -1.17352e-07 -4.73188e-08
  300.00 -2.77756 -3.35479e-05 -2.87833e-05 -9.54324e-06 -3.01855e-08 -2.17436e-07 -2.31322e-08
  300.00 -2.75351 -3.84939e-05 -2.79811e-05 -1.16596e-05 -2.74437e-08 -4.23668e-06 -2.44412e-09
  300.00 -2.72946 -3.72958e-05 -2.26976e-05 -1.43711e-05 -1.86806e-08 -8.29093e-06  1.78111e-09
  300.00 -2.70541 -3.12169e-05 -1.36731e-05 -1.86327e-05 -1.71929e-08 -9.54889e-06 -4.17508e-10
  300.00 -2.68136 -2.57572e-05 -5.44118e-06 -2.43590e-05 -4.14956e-08 -8.34287e-06  4.13096e-09
  300.00 -2.65731 -2.14038e-05 -3.68658e-06 -2.92519e-05 -7.03679e-08 -5.82378e-06  2.21484e-08
  300.00 -2.63327 -1.31901e-05 -9.41725e-06 -3.00852e-05 -6.44075e-08 -1.16901e-06  3.87967e-08
  300.00 -2.60922 -3.56257e-06 -2.09013e-05 -2.43752e-05 -4.40936e-09  5.84066e-06  2.13008e-08
  300.00 -2.58517 -3.39087e-06 -3.90229e-05 -1.36781e-05  7.99651e-08  1.25436e-05 -3.92536e-08
  300.00 -2.56112 -1.28776e-05 -5.49334e-05 -4.29881e-06  1.20454e-07  1.65843e-05 -9.69153e-08
  300.00 -2.53707 -1.83963e-05 -5.45433e-05 -1.26804e-08  1.03799e-07  1.65874e-05 -1.03838e-07
  300.00 -2.51303 -1.34253e-05 -3.90967e-05 -6.58044e-07  7.18504e-08  1.23446e-05 -4.57589e-08
  300.00 -2.48898 -2.91518e-06 -1.84905e-05 -6.43176e-06  3.70645e-08  5.12557e-06  4.41714e-08
  300.00 -2.46493  5.88958e-06  7.43765e-07 -1.65571e-05 -1.36954e-09 -2.88831e-06  9.13113e-08
  300.00 -2.44088  7.77846e-06  1.35128e-05 -2.96609e-05 -2.33405e-08 -9.07601e-06  7.00740e-08
  300.00 -2.41683  7.09067e-07  1.29090e-05 -4.20439e-05 -1.35759e-08 -1.12230e-05  4.44133e-08
  300.00 -2.39279 -1.29212e-05 -1.30278e-06 -4.71105e-05  1.60670e-08 -9.71758e-06  4.39904e-08
  300.00 -2.36874 -2.44820e-05 -1.61206e-05 -4.45709e-05  1.56426e-08 -7.21166e-06  1.22989e-08
  300.00 -2.34469 -2.87199e-05 -2.01497e-05 -3.74897e-05 -4.21462e-08 -5.15571e-06 -2.05945e-08
  300.00 -2.32064 -3.00561e-05 -1.55271e-05 -2.88558e-05 -6.01188e-08 -3.27155e-06  2.22871e-08
  300.00 -2.29659 -3.15646e-05 -9.75548e-06 -2.04440e-05  3.75314e-08 -1.15976e-06  8.40920e-08
  300.00 -2.27255 -2.96365e-05 -7.15264e-06 -1.25763e-05  1.30925e-07  7.75059e-07  5.80032e-08
  300.00 -2.24850 -2.09327e-05 -6.49022e-06 -6.99403e-06  1.00405e-07  2.14455e-06 -7.51104e-08
  300.00 -2.22445 -8.90312e-06 -5.12658e-06 -5.74991e-06  2.56136e-08  2.85215e-06 -2.01499e-07
  300.00 -2.20040 -1.29653e-07 -3.32061e-06 -8.06205e-06 -1.06883e-08  3.17984e-06 -1.68307e-07
  300.00 -2.17635  1.49140e-06 -2.36934e-06 -1.04571e-05 -3.93213e-08  3.27624e-06 -1.40815e-09
  300.00 -2.15230 -2.48974e-06 -2.70361e-06 -1.16254e-05 -1.02376e-07  1.88073e-06  1.35881e-07
  300.00 -2.12826 -7.13167e-06 -4.57961e-06 -1.26053e-05 -1.43112e-07 -1.51230e-06  1.67369e-07
  300.00 -2.10421 -8.43616e-06 -7.19657e-06 -1.38211e-05 -1.06663e-07 -4.85662e-06  1.61250e-07
  300.00 -2.08016 -6.54448e-06 -9.85780e-06 -1.58155e-05 -4.72382e-08 -5.62971e-06  1.80548e-07
  300.00 -2.05611 -5.79703e-06 -1.16193e-05 -1.89806e-05 -4.93693e-10 -2.77757e-06  1.61243e-07
  300.00 -2.03206 -9.82360e-06 -1.28546e-05 -2.13146e-05  6.66959e-08  2.27419e-06  1.47638e-08
  300.00 -2.00802 -1.55245e-05 -1.26091e-05 -1.83054e-05  9.66213e-08  5.76689e-06 -2.07580e-07
  300.00 -1.98397 -1.69437e-05 -1.18145e-05 -9.43917e-06  4.69598e-08  5.84418e-06 -3.33910e-07
  300.00 -1.95992 -1.58011e-05 -1.44610e-05  1.88065e-06  1.83396e-08  3.59062e-06 -2.89995e-07
  300.00 -1.93587 -1.68244e-05 -1.94878e-05  1.18960e-05  5.23841e-08  1.99234e-07 -1.75699e-07
  300.00 -1.91182 -1.84927e-05 -2.08605e-05  1.68384e-05  6.31958e-08 -3.00085e-06 -1.08800e-07
  300.00 -1.88778 -1.67330e-05 -1.57131e-05  1.69205e-05  1.52094e-08 -4.78280e-06 -8.82829e-08
  300.00 -1.86373 -1.21362e-05 -6.39536e-06  1.43667e-05 -2.81048e-08 -4.87999e-06 -6.43143e-08
  300.00 -1.83968 -7.86049e-06  3.61206e-06  9.46723e-06  1.40154e-09 -3.26047e-06 -1.43688e-08
  300.00 -1.81563 -4.58072e-06  1.21886e-05  4.82142e-06  5.97078e-08 -7.60786e-07  4.95156e-08
  300.00 -1.79158 -1.21885e-06  1.72968e-05  2.11646e-06  4.71999e-08  1.18782e-06  7.18598e-08
  300.00 -1.76754  1.66855e-06  1.70169e-05 -4.70197e-08 -3.09091e-08  1.99293e-06  1.95237e-08
  300.00 -1.74349  2.25391e-06  1.29126e-05 -2.24977e-06 -1.01341e-07  1.52128e-06 -5.74592e-08
  300.00 -1.71944  8.66244e-07  7.03361e-06 -3.84313e-06 -1.12615e-07 -4.87190e-08 -1.06898e-07
  300.00 -1.69539 -2.05397e-06 -1.05154e-06 -4.16528e-06 -5.15189e-08 -2.68555e-06 -1.07558e-07
  300.00 -1.67134 -4.55438e-06 -9.60783e-06 -2.39620e-06  3.02664e-08 -5.99490e-06 -3.54799e-08
  300.00 -1.64729 -5.00103e-06 -1.56077e-05 -5.32984e-07  5.93642e-08 -8.72773e-06  1.02699e-07
  300.00 -1.62325 -4.88534e-06 -1.76358e-05 -1.89939e-06  2.71240e-08 -9.86554e-06  2.21044e-07
  300.00 -1.59920 -4.80451e-06 -1.63218e-05 -4.60521e-06 -3.41204e-08 -9.11010e-06  2.28405e-07
  300.00 -1.57515 -4.26617e-06 -1.39432e-05 -6.11948e-06 -7.29254e-08 -6.27758e-06  1.46487e-07
  300.00 -1.55110 -3.66135e-06 -1.21105e-05 -7.05156e-06 -6.67196e-08 -2.16129e-06  3.07716e-08
  300.00 -1.52705 -3.13334e-06 -9.91494e-06 -7.31382e-06 -2.66545e-08  2.08586e-06 -7.46282e-08
  300.00 -1.50301 -2.22406e-06 -7.52555e-06 -7.68224e-06  2.67848e-08  6.12110e-06 -1.20074e-07
  300.00 -1.47896  3.03576e-07 -5.91521e-06 -9.46509e-06  5.56914e-08  8.61347e-06 -8.21310e-08
  300.00 -1.45491  3.44576e-06 -3.61721e-06 -1.05550e-05  4.83993e-08  8.70762e-06 -2.61345e-08
  300.00 -1.43086  4.43959e-06  6.81770e-07 -8.20983e-06 -6.99633e-09  7.80559e-06 -7.73772e-09
  300.00 -1.40681  1.94550e-06  4.75121e-06 -3.64728e-06 -8.71520e-08  7.07638e-06  4.66020e-09
  300.00 -1.38277 -2.28143e-06  6.34811e-06 -2.48581e-07 -1.01625e-07  5.76178e-06  3.55377e-08
  300.00 -1.35872 -4.92335e-06  6.34146e-06  1.32635e-06 -2.10773e-08  3.43564e-06  7.57207e-08
  300.00 -1.33467 -4.46077e-06  6.73316e-06  3.58569e-06  7.30588e-08  9.12325e-07  1.09424e-07
  300.00 -1.31062 -2.46008e-06  7.30152e-06  7.59636e-06  1.25931e-07 -8.61787e-07  8.54838e-08
  300.00 -1.28657  1.37706e-08  5.96283e-06  1.17455e-05  1.53580e-07 -1.30124e-06 -2.76675e-08
  300.00 -1.26253  3.56258e-06  1.37532e-06  1.17449e-05  2.23923e-07 -7.19611e-07 -1.45695e-07
  300.00 -1.23848  7.95504e-06 -4.91339e-06  6.58628e-06  3.06328e-07  4.54455e-07 -1.70842e-07
  300.00 -1.21443  1.03250e-05 -1.04246e-05  2.70664e-06  2.64801e-07  2.19362e-06 -1.44506e-07
  300.00 -1.19038  7.67937e-06 -1.39134e-05  1.64277e-06  9.03546e-08  3.88930e-06 -1.44100e-07
  300.00 -1.16633  2.28926e-06 -1.39967e-05 -3.62957e-06 -9.19322e-08  4.53303e-06 -1.10976e-07
  300.00 -1.14228  6.41458e-07 -9.99768e-06 -1.15808e-05 -1.78891e-07  3.03251e-06  1.49511e-08
  300.00 -1.11824  2.27634e-06 -2.83576e-06 -1.57476e-05 -1.90626e-07 -2.20787e-07  1.09334e-07
  300.00 -1.09419  1.14604e-06  6.01855e-06 -1.79133e-05 -1.41596e-07 -3.12492e-06  8.09757e-08
  300.00 -1.07014 -4.68490e-06  1.27367e-05 -2.05926e-05 -5.49543e-08 -3.58720e-06  2.76348e-08
  300.00 -1.04609 -1.11095e-05  1.45641e-05 -2.35131e-05 -2.56961e-08 -1.46876e-06  2.42542e-08
  300.00 -1.02204 -1.45249e-05  1.30120e-05 -2.46029e-05 -6.26101e-08  6.90066e-07  5.23938e-08
  300.00 -0.99800 -1.50259e-05  8.52371e-06 -2.10885e-05 -7.26870e-08  1.03083e-06  8.25005e-08
  300.00 -0.97395 -1.41091e-05  1.90533e-06 -1.33061e-05 -5.53183e-08  3.62030e-07  8.94888e-08
  300.00 -0.94990 -1.13043e-05 -2.80829e-06 -5.79373e-06 -4.26951e-08 -1.64016e-07  8.74512e-08
  300.00 -0.92585 -6.58477e-06 -3.10628e-06 -3.06610e-06 -2.33223e-08 -7.03493e-07  1.06372e-07
  300.00 -0.90180 -1.10142e-06  7.31435e-07 -2.92319e-06  1.29809e-08 -1.99554e-06  1.12826e-07
  300.00 -0.87776  5.04434e-06  5.62152e-06 -5.92737e-07  3.87731e-08 -3.17120e-06  6.64274e-08
  300.00 -0.85371  1.07643e-05  8.35973e-06  3.55041e-06  1.37496e-08 -3.62742e-06  1.83677e-08
  300.00 -0.82966  1.27220e-05  6.58831e-06  7.17091e-06 -2.31409e-08 -3.87201e-06  2.56165e-08
  300.00 -0.80561  1.00752e-05  1.68938e-06  8.76690e-06 -2.77042e-08 -3.26263e-06  3.58210e-08
  300.00 -0.78156  7.96369e-06 -1.19150e-06  7.93588e-06 -4.19761e-08 -1.33672e-06 -4.18575e-08
  300.00 -0.75752  1.05352e-05  6.75010e-07  6.19578e-06 -9.74569e-08  6.68209e-07 -1.51020e-07
  300.00 -0.73347  1.64861e-05  4.55299e-06  5.66874e-06 -1.72105e-07  2.13576e-06 -1.46745e-07
  300.00 -0.70942  2.23842e-05  5.56896e-06  5.90575e-06 -2.44685e-07  3.14590e-06 -5.04477e-08
  300.00 -0.68537  2.55493e-05  1.06098e-06  5.07441e-06 -2.94952e-07  3.14647e-06  2.08279e-08
  300.00 -0.66132  2.49086e-05 -6.51689e-06  4.61307e-06 -1.99790e-07  2.59744e-06  4.86126e-08
  300.00 -0.63727  2.00645e-05 -1.08904e-05  7.29647e-06  6.56898e-08  2.41987e-06  8.74661e-08
  300.00 -0.61323  1.37771e-05 -9.99069e-06  1.18564e-05  2.33348e-07  2.01341e-06  1.74269e-07
  300.00 -0.58918  1.10014e-05 -6.34508e-06  1.44406e-05  1.85252e-07  1.08299e-06  2.12030e-07
  300.00 -0.56513  9.87927e-06 -1.21364e-06  1.39301e-05  1.01863e-07 -5.91082e-08  1.07904e-07
  300.00 -0.54108  7.28200e-06  3.25209e-06  1.10312e-05  9.30808e-08 -1.28150e-06 -5.64383e-08
  300.00 -0.51703  4.83258e-06  4.77105e-06  8.58372e-06  8.02900e-08 -2.53336e-06 -1.82364e-07
  300.00 -0.49299  4.09627e-06  2.94636e-06  9.15065e-06  3.78043e-08 -2.51597e-06 -2.63030e-07
  300.00 -0.46894  4.34609e-06 -2.06572e-06  8.19724e-06  4.87845e-08 -6.13537e-07 -2.69410e-07
  300.00 -0.44489  3.76342e-06 -7.56646e-06  2.36894e-06  8.38683e-08  4.43016e-07 -1.42055e-07
  300.00 -0.42084 -2.57762e-08 -9.47524e-06 -3.00549e-06  1.00980e-07 -5.67773e-07  2.98986e-08
  300.00 -0.39679 -6.72832e-06 -7.13388e-06 -3.84388e-06  1.05766e-07 -6.63245e-07  1.48838e-07
  300.00 -0.37275 -1.30794e-05 -3.02091e-06  9.42248e-07  1.01853e-07  1.18079e-06  1.95283e-07
  300.00 -0.34870 -1.53819e-05 -2.95886e-07  1.04865e-05  1.21374e-07  3.66962e-06  1.71591e-07
  300.00 -0.32465 -1.18030e-05  2.22702e-06  1.90269e-05  1.26281e-07  6.08124e-06  1.37067e-07
  300.00 -0.30060 -3.44353e-06  7.27204e-06  2.15256e-05  6.02777e-08  7.64683e-06  1.60114e-07
  300.00 -0.27655  7.13305e-06  1.60818e-05  2.18892e-05 -3.19230e-08  6.28512e-06  2.13963e-07
  300.00 -0.25251  1.55601e-05  2.58365e-05  2.41063e-05 -9.11098e-08  1.02507e-06  2.35710e-07
  300.00 -0.22846  1.58734e-05  3.08566e-05  2.54461e-05 -1.12372e-07 -7.56878e-06  1.30961e-07
  300.00 -0.20441  6.73091e-06  2.60672e-05  2.37222e-05 -1.45875e-07 -1.70493e-05 -1.71998e-07
  300.00 -0.18036 -6.15793e-06  1.48302e-05  1.87268e-05 -1.81161e-07 -2.16445e-05 -5.18140e-07
  300.00 -0.15631 -1.76110e-05  5.72080e-06  1.05548e-05 -1.63920e-07 -1.69548e-05 -6.68122e-07
  300.00 -0.13226 -2.09033e-05  4.63627e-06  6.46656e-06 -1.51211e-07 -7.22080e-06 -5.84107e-07
  300.00 -0.10822 -1.03613e-05  1.26731e-05  1.27971e-05 -1.66756e-07  3.71594e-07 -4.12306e-07
  300.00 -0.08417  7.91555e-06  2.43460e-05  2.49906e-05 -1.58129e-07  5.09198e-06 -2.52732e-07
  300.00 -0.06012  2.35454e-05  2.94371e-05  3.60121e-05 -6.40609e-08  8.80023e-06 -1.06408e-07
  300.00 -0.03607  2.84214e-05  1.82428e-05  4.41069e-05  1.47572e-07  1.15040e-05  5.21323e-08
  300.00 -0.01202  2.32394e-05 -4.25183e-07  4.61528e-05  3.87554e-07  1.32561e-05  2.21552e-07
  300.00  0.01202  1.89758e-05 -7.50561e-06  4.17575e-05  4.73250e-07  1.43471e-05  3.09647e-07
  300.00  0.03607  2.36517e-05 -3.48599e-07  3.53855e-05  3.59557e-07  1.36428e-05  2.69201e-07
  300.00  0.06012  3.64492e-05  1.43732e-05  2.93702e-05  1.52440e-07  9.97643e-06  1.59413e-07
  300.00  0.08417  5.12873e-05  3.25388e-05  2.71659e-05 -1.59694e-08  4.30043e-06  6.19072e-08
  300.00  0.10822  6.59520e-05  5.14207e-05  3.34223e-05 -8.27436e-08 -1.20749e-07  1.67032e-08
  300.00  0.13226  8.19769e-05  7.15134e-05  4.78335e-05 -6.57951e-08 -2.14324e-06  1.75203e-08
  300.00  0.15631  1.01811e-04  9.50610e-05  7.05038e-05 -1.15741e-08 -2.53344e-06  4.07483e-08
  300.00  0.18036  1.28224e-04  1.23356e-04  1.03751e-04  4.00638e-08 -1.97808e-06  5.48187e-08
  300.00  0.20441  1.63100e-04  1.59068e-04  1.45587e-04  7.53833e-08 -1.15823e-06  6.46619e-08
  300.00  0.22846  2.06341e-04  1.99614e-04  1.90434e-04  8.04534e-08 -7.25590e-07  5.41100e-08
  300.00  0.25251  2.42402e-04  2.18403e-04  2.16306e-04  1.03195e-09 -6.44301e-07 -3.88264e-08
  300.00  0.27655  1.95154e-04  1.08463e-04  1.26835e-04 -3.21639e-07 -1.19434e-06 -3.37522e-07
  300.00  0.30060 -5.01898e-05 -1.73780e-04 -1.49378e-04 -4.63215e-07 -4.73434e-06 -2.40502e-07
  300.00  0.32465 -2.40304e-04 -3.00177e-04 -2.96264e-04 -2.56266e-08 -9.08138e-06  2.71991e-07
  300.00  0.34870 -2.43609e-04 -2.74573e-04 -2.78168e-04  1.93400e-07 -1.04678e-05  4.09389e-07
  300.00  0.37275 -1.93349e-04 -2.17610e-04 -2.22462e-04  2.95075e-07 -1.07892e-05  3.81587e-07
  300.00  0.39679 -1.42889e-04 -1.64296e-04 -1.69028e-04  3.79517e-07 -1.08935e-05  3.12943e-07
  300.00  0.42084 -1.03340e-04 -1.20796e-04 -1.25157e-04  4.21846e-07 -1.09635e-05  2.44445e-07
  300.00  0.44489 -7.52068e-05 -8.55233e-05 -9.01631e-05  3.79123e-07 -1.11531e-05  1.84492e-07
  300.00  0.46894 -5.57001e-05 -5.61791e-05 -6.19522e-05  2.73364e-07 -1.12995e-05  1.24152e-07
  300.00  0.49299 -4.08527e-05 -3.12212e-05 -3.82518e-05  1.57700e-07 -1.06913e-05  4.31622e-08
  300.00  0.51703 -2.74992e-05 -9.74341e-06 -1.77480e-05  7.79018e-08 -8.82671e-06 -2.05132e-08
  300.00  0.54108 -1.48156e-05  5.88173e-06 -9.69590e-07  7.03468e-08 -5.95913e-06 -9.28413e-09
  300.00  0.56513 -4.87856e-06  1.14852e-05  1.09078e-05  1.57936e-07 -3.14882e-06  6.41049e-08
  300.00  0.58918 -1.15107e-06  5.85394e-06  1.58999e-05  2.88209e-07 -2.04207e-06  2.35210e-07
  300.00  0.61323 -6.22103e-06 -4.11907e-06  1.06563e-05  3.26557e-07 -2.97456e-06  1.29759e-07
  300.00  0.63727 -1.56891e-05 -8.82486e-06 -3.09195e-06  2.39520e-07 -4.86195e-06 -4.31526e-07
  300.00  0.66132 -2.25818e-05 -8.10800e-06 -1.65682e-05  1.01352e-07 -7.36144e-06 -8.34979e-07
  300.00  0.68537 -2.60471e-05 -6.24422e-06 -2.30197e-05  2.04069e-08 -1.07001e-05 -7.54631e-07
  300.00  0.70942 -2.41410e-05 -5.51633e-06 -2.12805e-05  1.86246e-08 -1.34024e-05 -4.85515e-07
  300.00  0.73347 -1.70211e-05 -5.98398e-06 -1.33754e-05 -2.19875e-08 -1.28807e-05 -3.02929e-07
  300.00  0.75752 -1.13802e-05 -5.47138e-06 -3.51719e-06 -4.52917e-08 -8.56833e-06 -2.60679e-07
  300.00  0.78156 -9.91194e-06 -2.64232e-06  4.79159e-06 -1.08044e-07 -2.58434e-06 -1.69431e-07
  300.00  0.80561 -8.70300e-06  4.61668e-07  8.20270e-06 -3.34195e-07  2.81112e-06  6.63185e-08
  300.00  0.82966 -4.13515e-06  4.35933e-06  6.77406e-06 -5.96194e-07  6.87274e-06  1.80377e-07
  300.00  0.85371  3.74588e-06  1.30120e-05  5.87839e-06 -7.34325e-07  8.98528e-06  1.44895e-07
  300.00  0.87776  1.04119e-05  2.34150e-05  8.11558e-06 -7.25684e-07  8.89942e-06  2.68197e-07
  300.00  0.90180  1.28137e-05  2.87893e-05  9.34506e-06 -6.53127e-07  7.14148e-06  4.90952e-07
  300.00  0.92585  1.53996e-05  3.44640e-05  7.82597e-06 -5.45397e-07  4.74365e-06  6.19077e-07
  300.00  0.94990  2.65198e-05  5.09139e-05  1.12060e-05 -3.39641e-07  2.32100e-06  5.67250e-07
  300.00  0.97395  5.17195e-05  7.88794e-05  3.12703e-05 -5.88432e-08  2.49031e-07  3.44168e-07
  300.00  0.99800  9.19310e-05  1.17047e-04  7.22640e-05  1.71200e-07 -1.17877e-06  8.39020e-08
  300.00  1.02204  1.45281e-04  1.66819e-04  1.30219e-04  2.90374e-07 -2.06289e-06 -1.23610e-07
  300.00  1.04609  2.09208e-04  2.28222e-04  1.99024e-04  3.43431e-07 -2.56085e-06 -2.64921e-07
  300.00  1.07014  2.80824e-04  2.98577e-04  2.73849e-04  3.69908e-07 -2.79017e-06 -3.46369e-07
  300.00  1.09419  3.57036e-04  3.74252e-04  3.51683e-04  3.83126e-07 -2.88128e-06 -3.85788e-07
  300.00  1.11824  4.35519e-04  4.52518e-04  4.30880e-04  3.89110e-07 -2.91617e-06 -4.02845e-07
  300.00  1.14228  5.14997e-04  5.31910e-04  5.10652e-04  3.91626e-07 -2.92964e-06 -4.09837e-07
  300.00  1.16633  5.94884e-04  6.11763e-04  5.90658e-04  3.92646e-07 -2.93490e-06 -4.12639e-07
  300.00  1.19038  6.74936e-04  6.91802e-04  6.70758e-04  3.93052e-07 -2.93696e-06 -4.13751e-07
  300.00  1.21443  7.55054e-04  7.71914e-04  7.50894e-04  3.93213e-07 -2.93777e-06 -4.14190e-07
  300.00  1.23848  8.35197e-04  8.52056e-04  8.31044e-04  3.93277e-07 -2.93809e-06 -4.14364e-07
  300.00  1.26253  9.15351e-04  9.32208e-04  9.11201e-04  3.93302e-07 -2.93822e-06 -4.14432e-07
  300.00  1.28657  9.95509e-04  1.01237e-03  9.91360e-04  3.93312e-07 -2.93827e-06 -4.14459e-07
  300.00  1.31062  1.07567e-03  1.09252e-03  1.07152e-03  3.93316e-07 -2.93829e-06 -4.14470e-07
  300.00  1.33467  1.15583e-03  1.17268e-03  1.15168e-03  3.93317e-07 -2.93830e-06 -4.14474e-07
  300.00  1.35872  1.23599e-03  1.25284e-03  1.23184e-03  3.93318e-07 -2.93830e-06 -4.14476e-07
  300.00  1.38277  1.31615e-03  1.33301e-03  1.31200e-03  3.93318e-07 -2.93830e-06 -4.14477e-07
  300.00  1.40681  1.39631e-03  1.41317e-03  1.39216e-03  3.93318e-07 -2.93830e-06 -4.14477e-07
  300.00  1.43086  1.47647e-03  1.49333e-03  1.47232e-03  3.93318e-07 -2.93830e-06 -4.14477e-07
  300.00  1.45491  1.55663e-03  1.57349e-03  1.55248e-03  3.93318e-07 -2.93830e-06 -4.14477e-07
  300.00  1.47896  1.63679e-03  1.65365e-03  1.63264e-03  3.93318e-07 -2.93830e-06 -4.14477e-07
  300.00  1.50301  1.71695e-03  1.73381e-03  1.71280e-03  3.93318e-07 -2.93830e-06 -4.14477e-07
  300.00  1.52705  1.79711e-03  1.81397e-03  1.79296e-03  3.93318e-07 -2.93830e-06 -4.14477e-07
  300.00  1.55110  1.87727e-03  1.89413e-03  1.87312e-03  3.93318e-07 -2.93830e-06 -4.14477e-07
  300.00  1.57515  1.95743e-03  1.97429e-03  1.95328e-03  3.93318e-07 -2.93830e-06 -4.14477e-07
  300.00  1.59920  2.03759e-03  2.05445e-03  2.03344e-03  3.93318e-07 -2.93830e-06 -4.14477e-07
  300.00  1.62325  2.11775e-03  2.13461e-03  2.11360e-03  3.93318e-07 -2.93830e-06 -4.14477e-07
  300.00  1.64729  2.19791e-03  2.21477e-03  2.19376e-03  3.93318e-07 -2.93830e-06 -4.14477e-07
  300.00  1.67134  2.27807e-03  2.29493e-03  2.27392e-03  3.93318e-07 -2.93830e-06 -4.14477e-07
  300.00  1.69539  2.35823e-03  2.37509e-03  2.35408e-03  3.93318e-07 -2.93830e-06 -4.14477e-07
  300.00  1.71944  2.43839e-03  2.45525e-03  2.43424e-03  3.93318e-07 -2.93830e-06 -4.14477e-07
  300.00  1.74349  2.51855e-03  2.53541e-03  2.51441e-03  3.93318e-07 -2.93830e-06 -4.14477e-07
  300.00  1.76754  2.59871e-03  2.61557e-03  2.59457e-03  3.93318e-07 -2.93830e-06 -4.14477e-07
  300.00  1.79158  2.67887e-03  2.69573e-03  2.67473e-03  3.93318e-07 -2.93830e-06 -4.14477e-07
  300.00  1.81563  2.75903e-03  2.77589e-03  2.75489e-03  3.93318e-07 -2.93830e-06 -4.14477e-07
  300.00  1.83968  2.83919e-03  2.85605e-03  2.83505e-03  3.93318e-07 -2.93830e-06 -4.14477e-07
  300.00  1.86373  2.91935e-03  2.93621e-03  2.91521e-03  3.93318e-07 -2.93830e-06 -4.14477e-07
  300.00  1.88778  2.99952e-03  3.01637e-03  2.99537e-03  3.93318e-07 -2.93830e-06 -4.14477e-07
  300.00  1.91182  3.07968e-03  3.09653e-03  3.07553e-03  3.93318e-07 -2.93830e-06 -4.14477e-07
  300.00  1.93587  3.15984e-03  3.17669e-03  3.15569e-03  3.93318e-07 -2.93830e-06 -4.14477e-07
  300.00  1.95992  3.24000e-03  3.25685e-03  3.23585e-03  3.93318e-07 -2.93830e-06 -4.14477e-07
  300.00  1.98397  3.32016e-03  3.33701e-03  3.31601e-03  3.93318e-07 -2.93830e-06 -4.14477e-07
  300.00  2.00802  3.40032e-03  3.41717e-03  3.39617e-03  3.93318e-07 -2.93830e-06 -4.14477e-07
  300.00  2.03206  3.48048e-03  3.49733e-03  3.47633e-03  3.93318e-07 -2.93830e-06 -4.14477e-07
  300.00  2.05611  3.56064e-03  3.57749e-03  3.55649e-03  3.93318e-07 -2.93830e-06 -4.14477e-07
  300.00  2.08016  3.64080e-03  3.65765e-03  3.63665e-03  3.93318e-07 -2.93830e-06 -4.14477e-07
  300.00  2.10421  3.72096e-03  3.73781e-03  3.71681e-03  3.93318e-07 -2.93830e-06 -4.14477e-07
  300.00  2.12826  3.80112e-03  3.81798e-03  3.79697e-03  3.93318e-07 -2.93830e-06 -4.14477e-07
  300.00  2.15230  3.88128e-03  3.89814e-03  3.87713e-03  3.93318e-07 -2.93830e-06 -4.14477e-07
  300.00  2.17635  3.96144e-03  3.97830e-03  3.95729e-03  3.93318e-07 -2.93830e-06 -4.14477e-07
  300.00  2.20040  4.04160e-03  4.05846e-03  4.03745e-03  3.93318e-07 -2.93830e-06 -4.14477e-07
  300.00  2.22445  4.12176e-03  4.13862e-03  4.11761e-03  3.93318e-07 -2.93830e-06 -4.14477e-07
  300.00  2.24850  4.20192e-03  4.21878e-03  4.19777e-03  3.93318e-07 -2.93830e-06 -4.14477e-07
  300.00  2.27255  4.28208e-03  4.29894e-03  4.27793e-03  3.93318e-07 -2.93830e-06 -4.14477e-07
  300.00  2.29659  4.36224e-03  4.37910e-03  4.35809e-03  3.93318e-07 -2.93830e-06 -4.14477e-07
  300.00  2.32064  4.44240e-03  4.45926e-03  4.43825e-03  3.93318e-07 -2.93830e-06 -4.14477e-07
  300.00  2.34469  4.52256e-03  4.53942e-03  4.51841e-03  3.93318e-07 -2.93830e-06 -4.14477e-07
  300.00  2.36874  4.60272e-03  4.61958e-03  4.59857e-03  3.93318e-07 -2.93830e-06 -4.14477e-07
  300.00  2.39279  4.68288e-03  4.69974e-03  4.67873e-03  3.93318e-07 -2.93830e-06 -4.14477e-07
  300.00  2.41683  4.76304e-03  4.77990e-03  4.75889e-03  3.93318e-07 -2.93830e-06 -4.14477e-07
  300.00  2.44088  4.84320e-03  4.86006e-03  4.83905e-03  3.93318e-07 -2.93830e-06 -4.14477e-07
  300.00  2.46493  4.92336e-03  4.94022e-03  4.91921e-03  3.93318e-07 -2.93830e-06 -4.14477e-07
  300.00  2.48898  5.00352e-03  5.02038e-03  4.99937e-03  3.93318e-07 -2.93830e-06 -4.14477e-07
  300.00  2.51303  5.08368e-03  5.10054e-03  5.07954e-03  3.93318e-07 -2.93830e-06 -4.14477e-07
  300.00  2.53707  5.16384e-03  5.18070e-03  5.15970e-03  3.93318e-07 -2.93830e-06 -4.14477e-07
  300.00  2.56112  5.24400e-03  5.26086e-03  5.23986e-03  3.93318e-07 -2.93830e-06 -4.14477e-07
  300.00  2.58517  5.32416e-03  5.34102e-03  5.32002e-03  3.93318e-07 -2.93830e-06 -4.14477e-07
  300.00  2.60922  5.40432e-03  5.42118e-03  5.40018e-03  3.93318e-07 -2.93830e-06 -4.14477e-07
  300.00  2.63327  5.48448e-03  5.50134e-03  5.48034e-03  3.93318e-07 -2.93830e-06 -4.14477e-07
  300.00  2.65731  5.56465e-03  5.58150e-03  5.56050e-03  3.93318e-07 -2.93830e-06 -4.14477e-07
  300.00  2.68136  5.64481e-03  5.66166e-03  5.64066e-03  3.93318e-07 -2.93830e-06 -4.14477e-07
  300.00  2.70541  5.72497e-03  5.74182e-03  5.72082e-03  3.93318e-07 -2.93830e-06 -4.14477e-07
  300.00  2.72946  5.80513e-03  5.82198e-03  5.80098e-03  3.93318e-07 -2.93830e-06 -4.14477e-07
  300.00  2.75351  5.88529e-03  5.90214e-03  5.88114e-03  3.93318e-07 -2.93830e-06 -4.14477e-07
  300.00  2.77756  5.96545e-03  5.98230e-03  5.96130e-03  3.93318e-07 -2.93830e-06 -4.14477e-07
  300.00  2.80160  6.04561e-03  6.06246e-03  6.04146e-03  3.93318e-07 -2.93830e-06 -4.14477e-07
  300.00  2.82565  6.12577e-03  6.14262e-03  6.12162e-03  3.93318e-07 -2.93830e-06 -4.14477e-07
  300.00  2.84970  6.20593e-03  6.22278e-03  6.20178e-03  3.93318e-07 -2.93830e-06 -4.14477e-07
  300.00  2.87375  6.28609e-03  6.30295e-03  6.28194e-03  3.93318e-07 -2.93830e-06 -4.14477e-07
  300.00  2.89780  6.36625e-03  6.38311e-03  6.36210e-03  3.93318e-07 -2.93830e-06 -4.14477e-07
  300.00  2.92184  6.44641e-03  6.46327e-03  6.44226e-03  3.93318e-07 -2.93830e-06 -4.14477e-07
  300.00  2.94589  6.52657e-03  6.54343e-03  6.52242e-03  3.93318e-07 -2.93830e-06 -4.14477e-07
  300.00  2.96994  6.60673e-03  6.62359e-03  6.60258e-03  3.93318e-07 -2.93830e-06 -4.14477e-07
  300.00  2.99399  6.68689e-03  6.70375e-03  6.68274e-03  3.93318e-07 -2.93830e-06 -4.14477e-07
  300.00  3.01804  6.76705e-03  6.78391e-03  6.76290e-03  3.93318e-07 -2.93830e-06 -4.14477e-07
  300.00  3.04208  6.84721e-03  6.86407e-03  6.84306e-03  3.93318e-07 -2.93830e-06 -4.14477e-07
  300.00  3.06613  6.92737e-03  6.94423e-03  6.92322e-03  3.93318e-07 -2.93830e-06 -4.14477e-07
  300.00  3.09018  7.00753e-03  7.02439e-03  7.00338e-03  3.93318e-07 -2.93830e-06 -4.14477e-07
  300.00  3.11423  7.08769e-03  7.10455e-03  7.08354e-03  3.93318e-07 -2.93830e-06 -4.14477e-07
  300.00  3.13828  7.16785e-03  7.18471e-03  7.16370e-03  3.93318e-07 -2.93830e-06 -4.14477e-07
  300.00  3.16232  7.24801e-03  7.26487e-03  7.24386e-03  3.93318e-07 -2.93830e-06 -4.14477e-07
  300.00  3.18637  7.32817e-03  7.34503e-03  7.32402e-03  3.93318e-07 -2.93830e-06 -4.14477e-07
  300.00  3.21042  7.40833e-03  7.42519e-03  7.40418e-03  3.93318e-07 -2.93830e-06 -4.14477e-07
  300.00  3.23447  7.48849e-03  7.50535e-03  7.48434e-03  3.93318e-07 -2.93830e-06 -4.14477e-07
  300.00  3.25852  7.56865e-03  7.58551e-03  7.56451e-03  3.93318e-07 -2.93830e-06 -4.14477e-07
  300.00  3.28257  7.64881e-03  7.66567e-03  7.64467e-03  3.93318e-07 -2.93830e-06 -4.14477e-07
  300.00  3.30661  7.72897e-03  7.74583e-03  7.72483e-03  3.93318e-07 -2.93830e-06 -4.14477e-07
  300.00  3.33066  7.80913e-03  7.82599e-03  7.80499e-03  3.93318e-07 -2.93830e-06 -4.14477e-07
  300.00  3.35471  7.88929e-03  7.90615e-03  7.88515e-03  3.93318e-07 -2.93830e-06 -4.14477e-07
  300.00  3.37876  7.96945e-03  7.98631e-03  7.96531e-03  3.93318e-07 -2.93830e-06 -4.14477e-07
  300.00  3.40281  8.04962e-03  8.06647e-03  8.04547e-03  3.93318e-07 -2.93830e-06 -4.14477e-07
  300.00  3.42685  8.12978e-03  8.14663e-03  8.12563e-03  3.93318e-07 -2.93830e-06 -4.14477e-07
  300.00  3.45090  8.20994e-03  8.22679e-03  8.20579e-03  3.93318e-07 -2.93830e-06 -4.14477e-07
  300.00  3.47495  8.29010e-03  8.30695e-03  8.28595e-03  3.93318e-07 -2.93830e-06 -4.14477e-07
  300.00  3.49900  8.37026e-03  8.38711e-03  8.36611e-03  3.93318e-07 -2.93830e-06 -4.14477e-07
  300.00  3.52305  8.45042e-03  8.46727e-03  8.44627e-03  3.93318e-07 -2.93830e-06 -4.14477e-07
  300.00  3.54709  8.53058e-03  8.54743e-03  8.52643e-03  3.93318e-07 -2.93830e-06 -4.14477e-07
  300.00  3.57114  8.61074e-03  8.62759e-03  8.60659e-03  3.93318e-07 -2.93830e-06 -4.14477e-07
  300.00  3.59519  8.69090e-03  8.70775e-03  8.68675e-03  3.93318e-07 -2.93830e-06 -4.14477e-07
  300.00  3.61924  8.77106e-03  8.78791e-03  8.76691e-03  3.93318e-07 -2.93830e-06 -4.14477e-07
  300.00  3.64329  8.85122e-03  8.86808e-03  8.84707e-03  3.93318e-07 -2.93830e-06 -4.14477e-07
  300.00  3.66733  8.93138e-03  8.94824e-03  8.92723e-03  3.93318e-07 -2.93830e-06 -4.14477e-07
  300.00  3.69138  9.01154e-03  9.02840e-03  9.00739e-03  3.93318e-07 -2.93830e-06 -4.14477e-07
  300.00  3.71543  9.09170e-03  9.10856e-03  9.08755e-03  3.93318e-07 -2.93830e-06 -4.14477e-07
  300.00  3.73948  9.17186e-03  9.18872e-03  9.16771e-03  3.93318e-07 -2.93830e-06 -4.14477e-07
  300.00  3.76353  9.25202e-03  9.26888e-03  9.24787e-03  3.93318e-07 -2.93830e-06 -4.14477e-07
  300.00  3.78758  9.33218e-03  9.34904e-03  9.32803e-03  3.93318e-07 -2.93830e-06 -4.14477e-07
  300.00  3.81162  9.41234e-03  9.42920e-03  9.40819e-03  3.93318e-07 -2.93830e-06 -4.14477e-07
  300.00  3.83567  9.49250e-03  9.50936e-03  9.48835e-03  3.93318e-07 -2.93830e-06 -4.14477e-07
  300.00  3.85972  9.57266e-03  9.58952e-03  9.56851e-03  3.93318e-07 -2.93830e-06 -4.14477e-07
  300.00  3.88377  9.65282e-03  9.66968e-03  9.64867e-03  3.93318e-07 -2.93830e-06 -4.14477e-07
  300.00  3.90782  9.73298e-03  9.74984e-03  9.72883e-03  3.93318e-07 -2.93830e-06 -4.14477e-07
  300.00  3.93186  9.81314e-03  9.83000e-03  9.80899e-03  3.93318e-07 -2.93830e-06 -4.14477e-07
  300.00  3.95591  9.89330e-03  9.91016e-03  9.88915e-03  3.93318e-07 -2.93830e-06 -4.14477e-07
  300.00  3.97996  9.97346e-03  9.99032e-03  9.96931e-03  3.93318e-07 -2.93830e-06 -4.14477e-07
  300.00  4.00401  1.00536e-02  1.00705e-02  1.00495e-02  3.93318e-07 -2.93830e-06 -4.14477e-07
  300.00  4.02806  1.01338e-02  1.01506e-02  1.01296e-02  3.93318e-07 -2.93830e-06 -4.14477e-07
  300.00  4.05210  1.02139e-02  1.02308e-02  1.02098e-02  3.93318e-07 -2.93830e-06 -4.14477e-07
  300.00  4.07615  1.02941e-02  1.03110e-02  1.02900e-02  3.93318e-07 -2.93830e-06 -4.14477e-07
  300.00  4.10020  1.03743e-02  1.03911e-02  1.03701e-02  3.93318e-07 -2.93830e-06 -4.14477e-07
  300.00  4.12425  1.04544e-02  1.04713e-02  1.04503e-02  3.93318e-07 -2.93830e-06 -4.14477e-07
  300.00  4.14830  1.05346e-02  1.05514e-02  1.05304e-02  3.93318e-07 -2.93830e-06 -4.14477e-07
  300.00  4.17234  1.06147e-02  1.06316e-02  1.06106e-02  3.93318e-07 -2.93830e-06 -4.14477e-07
  300.00  4.19639  1.06949e-02  1.07118e-02  1.06908e-02  3.93318e-07 -2.93830e-06 -4.14477e-07
  300.00  4.22044  1.07751e-02  1.07919e-02  1.07709e-02  3.93318e-07 -2.93830e-06 -4.14477e-07
  300.00  4.24449  1.08552e-02  1.08721e-02  1.08511e-02  3.93318e-07 -2.93830e-06 -4.14477e-07
  300.00  4.26854  1.09354e-02  1.09522e-02  1.09312e-02  3.93318e-07 -2.93830e-06 -4.14477e-07
  300.00  4.29259  1.10155e-02  1.10324e-02  1.10114e-02  3.93318e-07 -2.93830e-06 -4.14477e-07
  300.00  4.31663  1.10957e-02  1.11126e-02  1.10916e-02  3.93318e-07 -2.93830e-06 -4.14477e-07
  300.00  4.34068  1.11759e-02  1.11927e-02  1.11717e-02  3.93318e-07 -2.93830e-06 -4.14477e-07
  300.00  4.36473  1.12560e-02  1.12729e-02  1.12519e-02  3.93318e-07 -2.93830e-06 -4.14477e-07
  300.00  4.38878  1.13362e-02  1.13530e-02  1.13320e-02  3.93318e-07 -2.93830e-06 -4.14477e-07
  300.00  4.41283  1.14163e-02  1.14332e-02  1.14122e-02  3.93318e-07 -2.93830e-06 -4.14477e-07
  300.00  4.43687  1.14965e-02  1.15134e-02  1.14924e-02  3.93318e-07 -2.93830e-06 -4.14477e-07
  300.00  4.46092  1.15767e-02  1.15935e-02  1.15725e-02  3.93318e-07 -2.93830e-06 -4.14477e-07
  300.00  4.48497  1.16568e-02  1.16737e-02  1.16527e-02  3.93318e-07 -2.93830e-06 -4.14477e-07
  300.00  4.50902  1.17370e-02  1.17538e-02  1.17328e-02  3.93318e-07 -2.93830e-06 -4.14477e-07
  300.00  4.53307  1.18172e-02  1.18340e-02  1.18130e-02  3.93318e-07 -2.93830e-06 -4.14477e-07
  300.00  4.55711  1.18973e-02  1.19142e-02  1.18932e-02  3.93318e-07 -2.93830e-06 -4.14477e-07
  300.00  4.58116  1.19775e-02  1.19943e-02  1.19733e-02  3.93318e-07 -2.93830e-06 -4.14477e-07
  300.00  4.60521  1.20576e-02  1.20745e-02  1.20535e-02  3.93318e-07 -2.93830e-06 -4.14477e-07
  300.00  4.62926  1.21378e-02  1.21546e-02  1.21336e-02  3.93318e-07 -2.93830e-06 -4.14477e-07
  300.00  4.65331  1.22180e-02  1.22348e-02  1.22138e-02  3.93318e-07 -2.93830e-06 -4.14477e-07
  300.00  4.67735  1.22981e-02  1.23150e-02  1.22940e-02  3.93318e-07 -2.93830e-06 -4.14477e-07
  300.00  4.70140  1.23783e-02  1.23951e-02  1.23741e-02  3.93318e-07 -2.93830e-06 -4.14477e-07
  300.00  4.72545  1.24584e-02  1.24753e-02  1.24543e-02  3.93318e-07 -2.93830e-06 -4.14477e-07
  300.00  4.74950  1.25386e-02  1.25555e-02  1.25344e-02  3.93318e-07 -2.93830e-06 -4.14477e-07
  300.00  4.77355  1.26188e-02  1.26356e-02  1.26146e-02  3.93318e-07 -2.93830e-06 -4.14477e-07
  300.00  4.79760  1.26989e-02  1.27158e-02  1.26948e-02  3.93318e-07 -2.93830e-06 -4.14477e-07
  300.00  4.82164  1.27791e-02  1.27959e-02  1.27749e-02  3.93318e-07 -2.93830e-06 -4.14477e-07
  300.00  4.84569  1.28592e-02  1.28761e-02  1.28551e-02  3.93318e-07 -2.93830e-06 -4.14477e-07
  300.00  4.86974  1.29394e-02  1.29563e-02  1.29352e-02  3.93318e-07 -2.93830e-06 -4.14477e-07
  300.00  4.89379  1.30196e-02  1.30364e-02  1.30154e-02  3.93318e-07 -2.93830e-06 -4.14477e-07
  300.00  4.91784  1.30997e-02  1.31166e-02  1.30956e-02  3.93318e-07 -2.93830e-06 -4.14477e-07
  300.00  4.94188  1.31799e-02  1.31967e-02  1.31757e-02  3.93318e-07 -2.93830e-06 -4.14477e-07
  300.00  4.96593  1.32600e-02  1.32769e-02  1.32559e-02  3.93318e-07 -2.93830e-06 -4.14477e-07
  300.00  4.98998  1.33402e-02  1.33571e-02  1.33360e-02  3.93318e-07 -2.93830e-06 -4.14477e-07
  300.00  5.01403  1.34204e-02  1.34372e-02  1.34162e-02  3.93318e-07 -2.93830e-06 -4.14477e-07
  300.00  5.03808  1.35005e-02  1.35174e-02  1.34964e-02  3.93318e-07 -2.93830e-06 -4.14477e-07
  300.00  5.06212  1.35807e-02  1.35975e-02  1.35765e-02  3.93318e-07 -2.93830e-06 -4.14477e-07
  300.00  5.08617  1.36608e-02  1.36777e-02  1.36567e-02  3.93318e-07 -2.93830e-06 -4.14477e-07
  300.00  5.11022  1.37410e-02  1.37579e-02  1.37368e-02  3.93318e-07 -2.93830e-06 -4.14477e-07
  300.00  5.13427  1.38212e-02  1.38380e-02  1.38170e-02  3.93318e-07 -2.93830e-06 -4.14477e-07
  300.00  5.15832  1.39013e-02  1.39182e-02  1.38972e-02  3.93318e-07 -2.93830e-06 -4.14477e-07
  300.00  5.18236  1.39815e-02  1.39983e-02  1.39773e-02  3.93318e-07 -2.93830e-06 -4.14477e-07
  300.00  5.20641  1.40616e-02  1.40785e-02  1.40575e-02  3.93318e-07 -2.93830e-06 -4.14477e-07
  300.00  5.23046  1.41418e-02  1.41587e-02  1.41377e-02  3.93318e-07 -2.93830e-06 -4.14477e-07
  300.00  5.25451  1.42220e-02  1.42388e-02  1.42178e-02  3.93318e-07 -2.93830e-06 -4.14477e-07
  300.00  5.27856  1.43021e-02  1.43190e-02  1.42980e-02  3.93318e-07 -2.93830e-06 -4.14477e-07
  300.00  5.30261  1.43823e-02  1.43991e-02  1.43781e-02  3.93318e-07 -2.93830e-06 -4.14477e-07
  300.00  5.32665  1.44624e-02  1.44793e-02  1.44583e-02  3.93318e-07 -2.93830e-06 -4.14477e-07
  300.00  5.35070  1.45426e-02  1.45595e-02  1.45385e-02  3.93318e-07 -2.93830e-06 -4.14477e-07
  300.00  5.37475  1.46228e-02  1.46396e-02  1.46186e-02  3.93318e-07 -2.93830e-06 -4.14477e-07
  300.00  5.39880  1.47029e-02  1.47198e-02  1.46988e-02  3.93318e-07 -2.93830e-06 -4.14477e-07
  300.00  5.42285  1.47831e-02  1.47999e-02  1.47789e-02  3.93318e-07 -2.93830e-06 -4.14477e-07
  300.00  5.44689  1.48632e-02  1.48801e-02  1.48591e-02  3.93318e-07 -2.93830e-06 -4.14477e-07
  300.00  5.47094  1.49434e-02  1.49603e-02  1.49393e-02  3.93318e-07 -2.93830e-06 -4.14477e-07
  300.00  5.49499  1.50236e-02  1.50404e-02  1.50194e-02  3.93318e-07 -2.93830e-06 -4.14477e-07
  300.00  5.51904  1.51037e-02  1.51206e-02  1.50996e-02  3.93318e-07 -2.93830e-06 -4.14477e-07
  300.00  5.54309  1.51839e-02  1.52007e-02  1.51797e-02  3.93318e-07 -2.93830e-06 -4.14477e-07
  300.00  5.56713  1.52640e-02  1.52809e-02  1.52599e-02  3.93318e-07 -2.93830e-06 -4.14477e-07
  300.00  5.59118  1.53442e-02  1.53611e-02  1.53401e-02  3.93318e-07 -2.93830e-06 -4.14477e-07
  300.00  5.61523  1.54244e-02  1.54412e-02  1.54202e-02  3.93318e-07 -2.93830e-06 -4.14477e-07
  300.00  5.63928  1.55045e-02  1.55214e-02  1.55004e-02  3.93318e-07 -2.93830e-06 -4.14477e-07
  300.00  5.66333  1.55847e-02  1.56015e-02  1.55805e-02  3.93318e-07 -2.93830e-06 -4.14477e-07
  300.00  5.68737  1.56648e-02  1.56817e-02  1.56607e-02  3.93318e-07 -2.93830e-06 -4.14477e-07
  300.00  5.71142  1.57450e-02  1.57619e-02  1.57409e-02  3.93318e-07 -2.93830e-06 -4.14477e-07
  300.00  5.73547  1.58252e-02  1.58420e-02  1.58210e-02  3.93318e-07 -2.93830e-06 -4.14477e-07
  300.00  5.75952  1.59053e-02  1.59222e-02  1.59012e-02  3.93318e-07 -2.93830e-06 -4.14477e-07
  300.00  5.78357  1.59855e-02  1.60023e-02  1.59813e-02  3.93318e-07 -2.93830e-06 -4.14477e-07
  300.00  5.80762  1.60656e-02  1.60825e-02  1.60615e-02  3.93318e-07 -2.93830e-06 -4.14477e-07
  300.00  5.83166  1.61458e-02  1.61627e-02  1.61417e-02  3.93318e-07 -2.93830e-06 -4.14477e-07
  300.00  5.85571  1.62260e-02  1.62428e-02  1.62218e-02  3.93318e-07 -2.93830e-06 -4.14477e-07
  300.00  5.87976  1.63061e-02  1.63230e-02  1.63020e-02  3.93318e-07 -2.93830e-06 -4.14477e-07
  300.00  5.90381  1.63863e-02  1.64031e-02  1.63821e-02  3.93318e-07 -2.93830e-06 -4.14477e-07
  300.00  5.92786  1.64664e-02  1.64833e-02  1.64623e-02  3.93318e-07 -2.93830e-06 -4.14477e-07
  300.00  5.95190  1.65466e-02  1.65635e-02  1.65425e-02  3.93318e-07 -2.93830e-06 -4.14477e-07
  300.00  5.97595  1.66268e-02  1.66436e-02  1.66226e-02  3.93318e-07 -2.93830e-06 -4.14477e-07
  300.00  6.00000  1.67069e-02  1.67238e-02  1.67028e-02  3.93318e-07 -2.93830e-06 -4.14477e-07
